0.887680534402
0.00882437228504
0.679749019663
0.433568099159
0.938942520263
0.856451723831
0.793091271467
0.924231078628
0.270997874302
0.500179191694
0.721089706394
0.90638396723
0.063290065855
0.329567136304
0.894925500813
0.264616315821
0.0376616826029
0.0548588410576
0.113307142075
0.822510366542
0.941206427592
0.420569217528
0.0130194723778
0.498096023444
0.68844987517
0.812099695189
0.785951301028
0.18397353038
0.482083206646
0.97526952083
0.977298226731
0.542876426955
0.0243684499006
0.840035288705
0.587263184237
0.234868168453
0.290414007476
0.315202615782
0.174521175898
0.477637419356
0.837667120564
0.845011228688
0.9283346127
0.935278701315
0.361779497624
0.941795270812
0.378532992334
0.0901278185931
0.117849383551
0.974743933186
0.26701466471
0.932421772873
0.585767454731
0.991151676282
0.88117248642
0.39125387302
0.047017419302
0.402712364918
0.305753669536
0.42841583771
0.431964197868
0.850440171607
0.165444781484
0.928232682629
0.245927499879
0.692909773291
0.531673466072
0.279515933669
0.175643131919
0.639017728322
0.276166731378
0.396386613013
0.0710937801078
0.736765015368
0.259777677938
0.547072602727
0.220752898877
0.685246462704
0.448299474925
0.153920775504
0.932918948196
0.163828174697
0.283539787766
0.369374919466
0.0744355300149
0.534526642203
0.0542750441511
0.716599708168
0.381377372997
0.796166932819
0.858227701489
0.852540230271
0.590179072169
0.323614060303
0.716365232744
0.728846612877
0.932427591089
0.173300397977
0.576598308797
0.328917219603
0.00872697444763
0.59319696585
0.91298173642
0.380439567023
0.569648679448
0.526545392901
0.532448265209
0.00626705911249
0.896877587945
0.256124468559
0.125561176588
0.364260898728
0.0522232291831
0.749994048832
0.564958914375
0.399201315673
0.330906463633
0.503486509137
0.718004125419
0.263477800437
0.673282211675
0.925019467273
0.10089863105
0.446948886863
0.121185798847
0.757097001873
0.0476972352529
0.0915250314346
0.316276965545
0.147977303815
0.356384542968
0.424337819212
0.578277230273
0.763282917879
0.706687239773
0.1800451843
0.945782975807
0.475493824729
0.924229069439
0.676698751746
0.269422874985
0.836108121591
0.973793844194
0.779998255233
0.279291193729
0.641104083598
0.492764386651
0.348807002776
0.357922208242
0.725076316555
0.337287577323
0.523148516715
0.645494302593
0.387822610511
0.192536932858
0.398551809947
0.859629440465
0.614574038729
0.158922815548
0.483260581469
0.249475156706
0.273670365042
0.724470498926
0.52884567464
0.633259868235
0.806048485928
0.0930039421017
0.63061757195
0.30250560363
0.700163841869
0.602594979504
0.729597612328
0.859428982418
0.261544136587
0.712766916278
0.798065602958
0.637690734263
0.0980519126659
0.759339205114
0.264943526474
0.0785708635197
0.0894715944364
0.681565523282
0.295438111054
0.756752653493
0.0634521981735
0.0721935436344
0.903707994517
0.613655841472
0.657815431745
0.70593949386
0.988703981771
0.070906761312
0.501435266656
0.473733156523
0.366098986205
0.295125328068
0.176097080903
0.752526558273
0.841584588121
0.272529854532
0.026398796862
0.962285698762
0.962253469316
0.874775072989
0.655664022969
0.796338138232
0.647024348496
0.273525932639
0.636429642062
0.253306269732
0.831443157899
0.0634814845656
0.0391351477117
0.512699247321
0.945186631145
0.208949507776
0.291346994988
0.856811081714
0.879257186132
0.275727097163
0.745364791098
0.236255558985
0.271361381075
0.606750814638
0.16653834909
0.389177971373
0.339650923255
0.831069473476
0.454028259812
0.0652601850825
0.506112450336
0.405692406115
0.606494941818
0.413333949016
0.315853195288
0.473810049821
0.533921782803
0.451480061405
0.149092471489
0.536912317001
0.367202388473
0.15808424796
0.252093986047
0.795711800363
0.48016167164
0.0870495150507
0.781378963917
0.985005908777
0.400824057434
0.113964899673
0.976234781808
0.535939495815
0.978776994566
0.733603938131
0.0972129624355
0.111540030053
0.462301871992
0.6878792195
0.257226183574
0.575124338819
0.365136283061
0.791272264438
0.547860912563
0.378462833358
0.709277805619
0.345140864366
0.0534440908799
0.265942843601
0.14748867249
0.101201341437
0.164268206038
0.507031386669
0.888155348828
0.607571082814
0.589746295222
0.820786768578
0.954462937191
0.352607043131
0.786095152535
0.913114289543
0.4104977068
0.8794961757
0.494082123622
0.59084957734
0.31150158371
0.576364691136
0.953538494535
0.801373379512
0.368036406692
0.354273856301
0.581951837584
0.034734856816
0.314327042914
0.361856220954
0.17561175716
0.573170606952
0.886668145147
0.0620033117513
0.111092343663
0.877332927496
0.14774345512
0.0272196842393
0.58671012132
0.184164243967
0.515225217709
0.709658022447
0.838201577837
0.351147374035
0.466353195328
0.169113162544
0.95453911168
0.181481803155
0.0249220565943
0.925598965563
0.617510208672
0.528551650864
0.329374366636
0.906576455979
0.371760298884
0.214200740021
0.386682937028
0.501916257661
0.921593347644
0.457959000714
0.663988982485
0.0287352872053
0.460703560882
0.266742774239
0.41854787549
0.477110926052
0.38695382083
0.0450509842593
0.911688623301
0.147488045284
0.493684008955
0.157872039261
0.178344155384
0.979489037069
0.531022263482
0.664033278282
0.0378864996725
0.614489818167
0.375507710739
0.368985956128
0.00923595419442
0.723140096648
0.540026514749
0.536082591421
0.876393929257
0.653612798574
0.841419373831
0.603531812545
0.116122419135
0.36705997004
0.348897261566
0.603549992956
0.622004023493
0.033567164416
0.102035504657
0.146378261301
0.483444653524
0.629346763954
0.136531815484
0.833937356979
0.444844431361
0.209071326621
0.668361629414
0.616442645552
0.711276461151
0.830758385416
0.988449746227
0.905206369136
0.0777271010011
0.43764527706
0.305101935379
0.718552349933
0.993311934813
0.588506863545
0.919696794983
0.96460894837
0.391451723121
0.501337409556
0.389638394313
0.147974509144
0.631377407481
0.340331059347
0.478948610151
0.274062861114
0.286062524659
0.23609122557
0.379165777983
0.305180884112
0.00498370658213
0.77004380133
0.732401630665
0.630934504547
0.63032700641
0.568246323976
0.632234199936
0.613450473126
0.119136180097
0.527085516158
0.386901518449
0.836107467986
0.146129481431
0.53669184839
0.231259081167
0.865161147489
0.0267642930534
0.79195448688
0.186827431922
0.243115061245
0.616670795714
0.28154521835
0.0448380829524
0.224401714716
0.401356352511
0.0733780374478
0.743894633576
0.523047490961
0.822500633003
0.465582371935
0.087937967141
0.0123645958586
0.980573245748
0.532414941807
0.938005247551
0.280385297602
0.806982292171
0.952952242206
0.48092875764
0.219729073186
0.916247541314
0.64534777341
0.54834922767
0.556287972973
0.115837822246
0.557007656568
0.469264558625
0.00872127849917
0.592600345646
0.786721823707
0.547928338683
0.857053924771
0.111816020804
0.273653850298
0.725303584849
0.0542789401939
0.902959661996
0.977963783134
0.558263004132
0.690665440937
0.879263526236
0.400574007231
0.725599394719
0.704833928257
0.739757160965
0.837701217239
0.656085751079
0.822115795031
0.748703175851
0.217743178089
0.969389127787
0.681754635337
0.50991357239
0.21185866735
0.420393444966
0.138324301613
0.19432587339
0.328548274778
0.303673523719
0.131775762661
0.558225406086
0.114078715393
0.45509915754
0.267577176311
0.329880275486
0.447157385675
0.192265820348
0.87642932139
0.106438414482
0.388955530363
0.00595813339105
0.72428547286
0.0401542137983
0.39784591894
0.613459573325
0.480267616678
0.265141460026
0.455627449989
0.880477504956
0.870822679681
0.817134305598
0.761982660208
0.985668992365
0.977296649194
0.429410069515
0.973682359376
0.297123733428
0.339046379367
0.578864783142
0.591953564902
0.487493857958
0.0896312723089
0.303864029953
0.408515205929
0.232602093205
0.703105329861
0.151408796202
0.858790286717
0.545786673543
0.827007169313
0.380704333956
0.705784667716
0.909198424406
0.88836548509
0.605247653862
0.958344408499
0.756081890228
0.81373921176
0.0621070590195
0.836315558182
0.518833856345
0.53814826939
0.493155738869
0.566375223391
0.471395339839
0.774419979148
0.34673470722
0.846795205206
0.330506482284
0.444852596329
0.731584430088
0.835623797007
0.0954790947846
0.953890953012
0.927601110066
0.872709153225
0.754494866417
0.697153980863
0.582239831474
0.0518326614939
0.13433911411
0.749258505529
0.51342283095
0.493152974837
0.909494597916
0.406599671664
0.0351105124266
0.123408145891
0.169161764137
0.368150297589
0.217148477354
0.555857727963
0.0430659724018
0.389880609951
0.195462046166
0.0799266072986
0.353619181598
0.659304748476
0.802025334472
0.841244914012
0.57732524348
0.874832138531
0.578428311184
0.698052842321
0.693880630424
0.880728219004
0.0126765032569
0.777341141343
0.835750974453
0.548017062362
0.30414633044
0.649529269744
0.76166060485
0.350677805612
0.151835525201
0.408443421438
0.798106329055
0.637937076413
0.907205510898
0.680212471351
0.558820824714
0.907290767558
0.220583779946
0.955844884475
0.23743733805
0.317086550589
0.872697100796
0.724732609221
0.613634604686
0.084996938796
0.917493262835
0.92505352459
0.518346222359
0.355735715918
0.213453673243
0.543938347619
0.176315618677
0.265736745754
0.843080104078
0.213757328158
0.984485201475
0.79301339554
0.729767582762
0.734350298601
0.0524645513995
0.375972085294
0.963633724142
0.808839169723
0.851147149548
0.0949228082315
0.307872064776
0.952907021213
0.106191178542
0.540692001837
0.363206027959
0.317442269133
0.815950152423
0.920294856869
0.0843992655265
0.566770781079
0.798899991239
0.772725180405
0.152033551799
0.752530242174
0.793768879095
0.541356281928
0.0190834114741
0.630245705175
0.529418348362
0.834169822956
0.659926370589
0.0363497982811
0.641720918675
0.551309217883
0.0421144378725
0.118603859612
0.713450150122
0.692473426199
0.681539052409
0.89561409002
0.40740639613
0.327278949714
0.721975027302
0.103405870754
0.0391780578973
0.678066503716
0.429763772663
0.0842469881237
0.0898235825077
0.977894399867
0.341966774701
0.229817283891
0.43534576005
0.382974814634
0.142829040927
0.151740087205
0.0401890249784
0.467235644406
0.603997096762
0.177175562931
0.160859132397
0.551972239176
0.437026663114
0.120894391121
0.431338242411
0.481381369601
0.356770358828
0.104096429259
0.92778285923
0.268384572337
0.257384544103
0.219484098753
0.487416154183
0.38914441683
0.0620809345679
0.066095900114
0.698904295877
0.116200402313
0.0167687460532
0.389247521936
0.175873973197
0.889937058189
0.485799274217
0.660028178671
0.964496242884
0.22545421333
0.454069295303
0.790625720225
0.838398180401
0.517838235371
0.458322879229
0.131699842311
0.0424490308329
0.567457183046
0.160764199343
0.998425424312
0.584499215628
0.467425230401
0.704998307347
0.785743863437
0.120545366351
0.636246801673
0.784180848386
0.762076963096
0.130818045943
0.728981060574
0.636139643011
0.107104051756
0.324753858156
0.800458747072
0.602076822111
0.171966820337
0.712105021789
0.949236237667
0.884606665234
0.0808787410131
0.459566686495
0.880678226268
0.464290922855
0.35572828304
0.727493033117
0.775857588526
0.842990645904
0.315800788026
0.771088554126
0.487848323269
0.434490607944
0.258289737088
0.673744301067
0.173341077904
0.599329402298
0.321114557699
0.73312072872
0.60843476398
0.929129510978
0.0209699012869
0.930227830542
0.000446440987519
0.780125700384
0.491338592959
0.719248625548
0.863374255644
0.53146873208
0.343851100694
0.792662729857
0.0107379870215
0.353555599612
0.750249030916
0.101632508688
0.375737316721
0.92682214098
0.428108847412
0.240049837399
0.508244830469
0.280280001202
0.678000629973
0.776307192672
0.193536028707
0.890987111307
0.459263827924
0.762085108863
0.786881016419
0.873847824166
0.75937601162
0.945649868766
0.0740409325102
0.445954592314
0.265293457941
0.00421372446047
0.658803805782
0.94295723256
0.649470101512
0.862400308165
0.325989369475
0.601243833801
0.07669033346
0.974907119869
0.0847651006182
0.318909890347
0.184382719059
0.836860606715
0.950884861257
0.521065094965
0.929770248782
0.0321356043679
0.54225281285
0.219798725126
0.24568036454
0.290391865848
0.0293755928916
0.632799761954
0.0476031543121
0.208357535471
0.435644899735
0.88049218253
0.0629571853805
0.45476989982
0.862210558533
0.681962518785
0.0363278920167
0.814420990631
0.908931012293
0.307548006519
0.139232305248
0.73512192167
0.368582460886
0.000413754226872
0.519240315215
0.981163935363
0.784697673345
0.546291854007
0.856765733127
0.287475105402
0.677358468542
0.58497562031
0.754975031501
0.960116940814
0.809382046756
0.332528316531
0.0311454805551
0.786600669373
0.824842211187
0.0434592825344
0.598083472282
0.9567433351
0.734275412732
0.418111865357
0.104881561152
0.944244583949
0.745332536399
0.755436444845
0.780630669222
0.726796766294
0.243346961944
0.208557116851
0.0468146863205
0.181613772426
0.736193987552
0.14199678754
0.573757497276
0.608465049823
0.441285885518
0.696069519689
0.0245445350611
0.605891973896
0.108793305824
0.00997721409002
0.341142223236
0.701635943728
0.173368570223
0.263897458877
0.454104823278
0.743801769778
0.209617493739
0.286871245192
0.213953215412
0.560165992854
0.453148115059
0.476356250355
0.285771456709
0.758587937846
0.586384403666
0.387010202729
0.760764881821
0.617528036029
0.794493103314
0.0331719054251
0.0121665167902
0.305295915596
0.572671239409
0.375228485872
0.743146716607
0.609180477312
0.269163532685
0.287509455374
0.30725926664
0.889829853307
0.774194144137
0.12631535875
0.606296637506
0.151450704953
0.724295584892
0.22031419006
0.842553974323
0.0461615098895
0.38858241816
0.273486723227
0.082388471841
0.797381886725
0.305005795396
0.44689824373
0.773560762867
0.844719552132
0.976786962753
0.632099495967
0.0916862259479
0.826102249197
0.372674245536
0.235687793332
0.260616028008
0.163858239687
0.870035279144
0.17886353453
0.428734518947
0.31043613517
0.613566091671
0.850368161563
0.804583894043
0.194132071772
0.978794931526
0.373001150878
0.0408890214963
0.489521166158
0.411735557475
0.685609665823
0.404126524787
0.931282738164
0.239117086435
0.172943812771
0.863737776094
0.207852708196
0.114024620848
0.228866879616
0.143747644642
0.670533045438
0.599715190557
0.344061193559
0.0738310451812
0.785497986036
0.816622776602
0.162853357423
0.89317435116
0.512003899875
0.626916039957
0.662465901013
0.317951568191
0.453090434688
0.57711974605
0.140687078971
0.873031346235
0.553815209782
0.824843883773
0.268029027536
0.0996714976419
0.311435489976
0.919868088163
0.800070473365
0.837255194352
0.749695790049
0.329540057271
0.514198778202
0.283698182913
0.15476468187
0.918060301404
0.47843131041
0.71579011872
0.601851037818
0.616120702003
0.963886508965
0.71629791026
0.053049052155
0.808442286048
0.131116039
0.708105509687
0.248290238774
0.903303108179
0.00886845129536
0.498173716362
0.40210748058
0.756066440738
0.340079997952
0.0953454270263
0.257743474569
0.325619733658
0.0710923799034
0.190271007675
0.086899687806
0.885079931265
0.944397102287
0.508376644909
0.0325038867457
0.346197879428
0.750442661651
0.167893113697
0.994892971185
0.204174352331
0.618062032021
0.528857169937
0.195971730231
0.99568555386
0.792943843846
0.543428142261
0.240619339211
0.175639000997
0.233997211949
0.023847905032
0.744885620959
