0.05153438216535822
0.9350576880449126
0.5834373887830391
0.02663490396470347
0.7813769729097462
0.5985521692346137
0.5215188645239155
0.7262967404273314
0.93213354125312
0.3301276728627641
0.7420311730380812
0.829779672007764
0.8769516562920106
0.8937964094829279
0.18522075856476428
0.9878708296201506
0.2125347075623808
0.41429454509212604
0.37174028901965694
0.21540973068925529
0.41324072002938095
0.789659465111123
0.36177559444327345
0.9070929728379166
0.9248555885337066
0.14055734585639712
0.7919343612953954
0.07996640152026846
0.4414805077771822
0.45182741018516903
0.11387856967963061
0.21955146756960875
0.2673282216631335
0.4221005906183889
0.6292043605921586
0.9585071388554847
0.8101076072823216
0.8539342480558882
0.9365091904942217
0.18834847128518117
0.5816081078415095
0.5422244271942085
0.44476170849170227
0.8927417267522841
0.5728998440669522
0.8419803527139075
0.24691427427850932
0.04690216006490666
0.04534312622915704
0.7340283231393825
0.34469382273779114
0.851352923761495
0.9191093286107518
0.62095997262079
0.8139516215519366
0.6379348612048963
0.008167642245883844
0.11806913434773392
0.7275974497551739
0.38206767644641126
0.22711944661480998
0.6851132066578661
0.21232160303968983
0.6755145838755242
0.45805107733515826
0.09351522034424775
0.6702511564937054
0.9694213994577362
0.14869155372176335
0.3891302893367182
0.007602016415619195
0.8690308843280806
0.36713228742087567
0.20422296293065734
0.7847320734073037
0.2960282748414692
0.5926975406894162
0.9412137492327627
0.4075389882614875
0.6341104069728728
0.663862745543595
0.6311509506783142
0.8686566823360068
0.39736609850014304
0.8930518331273619
0.985112128445541
0.9442280707671704
0.6525295024004413
0.8777079613061333
0.8457595295157859
0.12035164762451
0.7451688560723123
0.4029512417855695
0.005536763658782418
0.36345985666990677
0.35506690983268174
0.14262073892321492
0.7989123417473326
0.6466609191737132
0.6430999800790584
0.6292622501702723
0.9104186913897212
0.29628881803424456
0.21487681920455937
0.3964123922470306
0.40857989495585934
0.22630092430343052
0.4533310150336356
0.17127583758253329
0.5454213921567208
0.4697432406127282
0.11021785137868534
0.4967968848218227
0.8349878157259499
0.6263688426574598
0.839549064114639
0.645624633645169
0.6992607165498782
0.5208073339698007
0.2966015758539703
0.8684455827923642
0.13201844823506137
0.23404578602199688
0.09390291107497062
0.6996752878711828
0.8557197008338004
0.038645416550078915
0.15270618833944005
0.09883650094197305
0.28815226174017106
0.024618023666505673
0.36361764779864925
0.5936577875668909
0.06868948999634017
0.8625050686544731
0.5485108382141349
0.7691546480921432
0.8670539968445015
0.8360028546912919
0.08020855829448548
0.048973347152390434
0.4176401032801387
0.19736943036827814
0.9507055225312522
0.6397981407133144
0.06703118013318632
0.8576365532630982
0.3433259123445026
0.9701639937371914
0.03700919467743713
0.11975562700275622
0.6306119043505566
0.09162121296403092
0.041813232835578584
0.9620421601075426
0.33297335311176235
0.06502656353562286
0.1161783287766115
0.8599911781768177
0.8912354820429665
0.37008168175262735
0.803729700784622
0.5864593063886447
0.20154307860684573
0.6798565462375896
0.20339981173719612
0.6120470176488217
0.2507259245879214
0.14898638341743153
0.23597543827257916
0.5217309997960254
0.759321401217811
0.903540616971779
0.5749832022163712
0.07530398666459415
0.30440560188816335
0.4183963968199953
0.27091559513954
0.334613168778747
0.578144514310692
0.9959489629700808
0.8784539341440237
0.7100995913463972
0.7378689255715558
0.2983947246050709
0.48420600182964224
0.7797382438446455
0.8555766894148941
0.7157098279134515
0.3656466768753738
0.1268113312611011
0.6280239488903631
0.25081017152150653
0.5990967730942709
0.9636718109631706
0.8369435624034327
0.9966543590441617
0.9095646220672853
0.26067004204948185
0.4544013550819146
0.3339613620947197
0.9582245644624491
0.920150175522827
0.6756603911844498
0.6499921016674312
0.09448478223033618
0.16062857429899868
0.6996873118470356
0.3146306352822875
0.5456447485689067
0.1143877914815562
0.44018396741601373
0.7493350692813352
0.3545421066854061
0.6655102650496036
0.09262301116046268
0.2522304009196956
0.2667545569056883
0.8087268139295772
0.7728776443917896
0.7163972899992596
0.158596577438732
0.4720454721847064
0.3414334700072569
0.3378977440222245
0.4703150471517814
0.663555685076784
0.3056848462078223
0.4622687308457528
0.5694359331866101
0.11382283774471624
0.05922937974789477
0.8678187554223508
0.7902113521315555
0.6232945890352802
0.6506648234491323
0.49615541407383645
0.8856588967943835
0.04264595635530133
0.5260684767536669
0.4580563676982009
0.42862548715708493
0.4115568669481089
0.08060404474684446
0.030737237892449976
0.7990311030438408
0.3922797124799373
0.17656974919510549
0.7470992634044886
0.3192583753065712
0.08385383301475113
0.21282958736920343
0.23588569939562587
0.9142823284845487
0.517218454993022
0.17550201604993865
0.6705799493217991
0.18815433217973987
0.8374360380931967
0.3430002264406523
0.5082866074411437
0.9749345984856508
0.43837137096084156
0.8434621525409636
0.7688553253577465
0.6954122581859952
0.3641411354423375
0.8972277862554895
0.9565922822012997
0.18723057348736538
0.9202708324292429
0.050824575608959144
0.8198413238317642
0.11428982633729357
0.5207914382597107
0.633348317032564
0.03065405426423984
0.9392047532877071
0.9885824613126807
0.30630763290165575
0.9747223976573008
0.5460701611189528
0.9548765904739358
0.33162766653157616
0.15573133030677366
0.6477224208167573
0.30488833483730804
0.28449247305093295
0.6384602728295685
0.7319853750312281
0.17882178593705955
0.694973017599149
0.46667457650952837
0.032888186082627
0.04510022438987227
0.6509340457486772
0.43515773612981157
0.23177107500840743
0.12078502134935643
0.4137657174751648
0.23066988924516463
0.12383289356606575
0.9073833248692198
0.9688663399257059
0.0025978100143991822
0.5387205399530429
0.7525793299929413
0.12083601054515758
0.4012446290699313
0.30031262059118313
0.6246457649366655
0.8441071198359272
0.1096853028941569
0.9444945026707827
0.7772061422164227
0.7068101213247696
0.8577754686634782
0.7621519397893566
0.3585639596829846
0.8942429159028727
0.6105772637676199
0.7881774640928431
0.6300075361568619
0.18162501252664853
0.6264421939979592
0.009027042354578518
0.7440063363938793
0.19277376462118645
0.023847383608092354
0.6851865882828334
0.1924881363092632
0.5685329124623165
0.43945236009887156
0.5599088312803503
0.07396059258935317
0.20836864506540465
0.7602846144717231
0.1144914300415516
0.13782550783287728
0.30125241130847247
0.3642341479601062
0.3255486354543956
0.15872800717411706
0.8767073314796376
0.4868928069112729
0.44297287315602596
0.09347392150243339
0.06862662087576277
0.8124879945310292
0.1465616293217913
0.34435784742178654
0.14318473853773384
0.38884414880682583
0.03872152887386915
0.554990562791146
0.2670745442966109
0.06941840939677613
0.20255206186358787
0.7382844038617724
0.7375344908123361
0.0932955095736746
0.42415663724750563
0.04315951833647125
0.37232806087350057
0.5182264638425096
0.6912026518145408
0.8811573634962391
0.8585770666273935
0.057337661583619415
0.71835821962876
0.9038988737226095
0.11069681789076014
0.531759946329609
0.34560735421794897
0.5498407066779262
0.07312729844970045
0.3585075841289904
0.45173989191399744
0.5083265305455129
0.6397169622776322
0.6821482540389905
0.18750748197307154
0.32232455424350437
0.4793138862889753
0.4208668814523735
0.7060274075706133
0.24869089570600567
0.6923522552323633
0.7353887173172439
0.17303999280846405
0.24744715184957378
0.7957271165264496
0.8697561647427446
0.8216610350394684
0.1886504973158739
0.39447500276858904
0.7800308182785352
0.4873891289597968
0.3827459924931852
0.5791447633977722
0.8921381061214346
0.8733861868026349
0.45825517403462057
0.28390220525305665
0.8650287022945581
0.3757942046497098
0.6834396882717947
0.9274205860004651
0.43458818047397485
0.48835181345059175
0.20151953470003525
0.3911006882707908
0.02491552162147259
0.8767698183279122
0.3041502149567453
0.4810579344913609
0.37922979596479056
0.9096213782018364
0.07497375180023946
0.7803790413154478
0.7959557337966977
0.947685435151928
0.8836441000473435
0.6506696173277411
0.42122096795263253
0.4575794708833838
0.21460003981555864
0.8995476825535887
0.6171037939478636
0.3962081803347042
0.4296572411388194
0.3327117293755294
0.9741154166473736
0.3912540898439748
0.07013147017360855
0.1306155442906104
0.022245809378218295
0.1882395661276457
0.6735825638657935
0.011569290058420667
0.7120955143997922
0.899228368315028
0.14113342342381507
0.6850927611688268
0.1600173717067328
0.8486152379462776
0.7380001163641974
0.7123046623148209
0.5641735421634834
0.10992086349305297
0.011264484301754418
0.13321019111571464
0.2210723208724984
0.6744452487192184
0.28618873690526714
0.8500771086801368
0.19972652889322928
0.9463773478318297
0.9696570979586929
0.09250970475460563
0.45199095249647125
0.21660453343971198
0.6777448837478691
0.13241416976328124
0.7642783565002622
0.7509013921536831
0.9801520744779875
0.13737015174455436
0.6917664513974261
0.7109686877712866
0.21905067433087988
0.429763023589138
0.22538809644957913
0.19162147389780038
0.790318097907539
0.16909804277981122
0.10670403042334786
0.15990252996971144
0.38439174706247525
0.7905120567218055
0.6865058563534274
0.29275837038170904
0.7478791299539946
0.6106406649979078
0.9994838344060547
0.49715728066583975
0.10699718950101822
0.7915313966025656
0.8340935451917559
0.5819316802984096
0.2868107599272621
0.3486388862132098
0.7310070577506221
0.9553583262833634
0.9159303659863257
0.16622130132596635
0.9719721450129328
0.01484657624187291
0.691989196980181
0.35273818816390823
0.005289723360824006
0.4275642421949477
0.31848273788521153
0.9641922624233763
0.6975467761426027
0.4948350446294879
0.928215375694869
0.3155202277589667
0.9200411179860798
0.5828373959077214
0.42405353275951485
0.04692051437390221
0.3932774487439451
0.48924012750402823
0.6198945658011638
0.8367014427882368
0.425564929962023
0.5073238325594583
0.4711407105468174
0.27952996224848825
0.12443978404082012
0.5103949678153589
0.3731655131008368
0.23923927999756878
0.15373873837813523
0.3773290771021015
0.11836084847975448
0.6262825329219404
0.36099176138635125
0.19442070437185655
0.9036051671982083
0.3180598600113246
0.048249728000963166
0.9697051823365133
0.8875768735532978
0.5552112164748897
0.4098516248645103
0.6098042082920907
0.503733204337672
0.3243803368423166
0.19012511735285376
0.19055923582849754
0.10436282799236107
0.24318485539447565
0.02905196336551852
0.6825983148816648
0.33017991040679595
0.2594634776674607
0.9932813484202181
0.7185183919599026
0.9986157145540628
0.5622681636657735
0.7509549423452412
0.2766899279896373
0.8577753119890399
0.16887376816605004
0.8454321913788286
0.8017532255570156
0.6215961405086227
0.5387701490250999
0.07069296471445063
0.3421771751153613
0.8717538899282904
0.7832586524619519
0.9645399103952901
0.6906605655633687
0.9234851869901698
0.2458192637218457
0.4402392648055048
0.8045813520912474
0.8883506746885649
0.2793669467598766
0.23844947640214742
0.6678948806634697
0.36513231428633963
0.43103223657039436
0.2472504308107032
0.3769538207183314
0.16761073146461236
0.36396978905455324
0.8304338154348033
0.7719290324579413
0.5202254845084018
0.4464429591042687
0.0937961025524846
0.6605942921780986
0.7213684316112695
0.43583552307585816
0.10396252087313052
0.3337755325257006
0.05326544904397568
0.06615304761338947
0.09772238716161263
0.27971435048688864
0.35107962002183035
0.9395497403660992
0.021858590402638933
0.398656058748699
0.22825452949817182
0.14252962899835864
0.09342393172919838
0.20981917791717763
0.29928421216623025
0.44789467010832096
0.9775303929383452
0.68121766797123
0.2900858893775138
0.7520054578761284
0.8872409687109782
0.2340949013640411
0.25767870023795647
0.6725308528737526
0.8210164472065127
0.5705577227242435
0.10465604552012275
0.8502628336368558
0.7055231572941861
0.27860781636211074
0.5037435895887935
0.5658055360885712
0.022555694748193744
0.10343412277223718
0.13763224314389022
0.8830647381725508
0.821346733405422
0.30532732135277874
0.004434562424491695
0.8237951446077174
0.48235230663425877
0.7389263529913793
0.37813530973231146
0.08970188130914869
0.9956430708188995
0.5678195804213962
0.6794312527520066
0.010872854415958755
0.07345455187054839
0.05835295269966645
0.5527083741775378
0.639469490645629
0.5254701981049257
0.4659628485308084
0.21501602254367713
0.7933736373403089
0.11172207865153916
0.4063525507648753
0.30185345304498246
0.2565328830898411
0.5559147782950032
0.8416280988114399
0.19312855725022116
0.8786644880191152
0.37070192577033545
0.582403562919143
0.26839493800215863
0.3109857401757571
0.341291212509809
0.6546063012655519
0.5834781203004301
0.007565500641287248
0.5147402081339425
0.5472764540762439
0.9261364936042011
0.11727075058502312
0.1389836367804249
0.33308023015161636
0.13829596434656644
0.2313261487827475
0.4767631019059566
0.6026078794345083
0.44087951463155584
0.4537896246766493
0.1074440372317167
0.19124762428675857
0.5971757993245203
0.012675408083343553
0.5207900742251284
0.8838893411919592
0.4678072944540279
0.32737562714144963
0.5392283428055706
0.5457189356717612
0.6454804264251314
0.10272791716065588
0.3886383877345393
0.4859797220049784
0.3731423346771483
0.7524857124559993
0.18846285857032574
0.46440360998736496
0.868722346419351
0.2698511647891626
0.929990581508754
0.42384860785360934
0.5190722099147471
0.789623976817744
0.22818837710012374
0.2210293696707254
0.862838484331063
0.8770505799705773
0.7999633248461843
0.025706914675367676
0.5617975575097913
0.9676207347365736
0.31902327376273754
0.07276076858294256
0.6611944892428271
0.3033399059607259
0.08388812979510474
0.8783665809906482
0.5533442172501986
0.19131589913494707
0.3275802368700208
0.6317224958635147
0.08911121691156942
0.5013275462508254
0.9854061970565785
0.5881868585012636
0.9426568549634994
0.07960939886829566
0.3817672846712171
0.5852673513024225
0.5375800918493119
0.7704914516249634
0.29604222470870134
0.9145062145063979
0.7220069306460717
0.6150945548454555
0.8802457816994594
0.8663878151201534
0.1881764861468158
0.2249673018908548
0.6404016086527187
0.01311094722057149
0.2846626039807808
0.4828296281033556
0.5557896841667753
0.5432219539024025
0.4175197479925924
0.9060837295622669
0.6764884814952742
0.35676080545261246
0.009200166442753566
0.14995235480145552
0.37748560481537896
0.18328293057534617
0.20509346022709252
0.77771917331544
0.6018934493322644
0.47628628561863207
0.07057812404593633
0.6537675622102045
0.5310484277447235
0.7993555319247398
0.9752657866283165
0.8498452615679299
0.5723656068260703
0.9985488677493781
0.5083761101480271
0.03254718701268933
0.49294535087419766
0.058641171633027844
0.9947576398134219
0.5046595401703197
0.21865195742454202
0.9745143025692539
0.052925222749505396
0.25565269262114965
0.33799056379204784
0.3027131303432069
0.7581696887001272
0.5571779774730448
0.46843983568835434
0.3775364369706442
0.33813565211675534
0.620176694941163
0.03582336883686921
0.11408611553150849
0.37486075444428457
0.03339551132547258
0.9772069698186407
0.2677514507945217
0.009652302441510163
0.16669295713357124
0.7426174619621728
0.7597259818827418
0.1525870943644998
0.9775097570358428
0.8538094386026787
0.05230685486587716
0.6448594768390069
0.4775745150117965
0.0072133470239506
0.9239093754287697
0.043166724477167184
0.597918333235658
0.34181808592047647
0.08948198558278375
0.12601779813718228
0.1437838697504673
0.891812075089695
0.7612336302006681
0.055064895157739824
0.7683077951113968
0.5595893850953976
0.9324940090420215
0.0551209290385033
0.21938467406275086
0.6886614625928646
0.7255450070777734
0.3581810478710983
0.7726557501748101
0.32780847113417366
0.37946023507335325
0.7966172117882995
0.7124055621318526
0.27293047166946593
0.7515554985359906
0.7978003038286078
0.37147376089411244
0.024579006520249358
0.6641951303884184
0.8722368390540398
0.6601848742121329
0.46982720565737945
0.32721880528423963
0.8708870696407562
0.3506026109649204
0.7857033072106481
0.29449958276900456
0.5465535542681054
0.2952950980409753
0.7844010114039071
0.4485808504154982
0.642838677878383
0.8101559647727784
0.6036500533753254
0.8012682705538184
0.11244300166955479
0.2824947822713404
0.9093213014108448
0.646288874476297
0.17827843976675717
0.2235707977314625
0.5068565860097345
0.365190194356103
0.10612870759549764
0.7831171829304668
0.29688065163610067
0.05064735171568724
0.5920618279557078
0.2636284656387775
0.6453500211233956
0.8046325166525208
0.6368640711716923
0.25893643069591976
0.3639057635216154
0.811363243183624
0.6062112739390686
0.3169098899188635
0.3159535573354685
0.04516475688568522
0.16725982904622605
0.6459445159101161
0.32557540378680316
0.3377079217872113
0.658765203214514
0.33559202931405474
0.4344635870214978
0.4883358843282545
0.5566893377752908
0.5461367954536698
0.9530736726685308
0.8289744660032629
0.16177431037083845
0.843733724911064
0.9812466345789027
0.5683578584191787
0.8669826340484116
0.5172409018825808
0.6716923624643603
0.07025263561574346
0.47588220126170633
0.4903108794394878
0.07934041344739295
0.8751655055207501
0.13380105867094727
0.5807647162394051
0.8541855786003604
0.32136480922797106
0.561838499106656
0.264227635190481
0.11086934420082206
0.018442281841375197
0.05705819282367042
0.2703313443693731
0.31931967341613177
0.6483072122142101
0.20063570718188084
0.5629570939430815
0.2677344700142136
0.694491011120011
0.4587461411850874
0.04522757209373307
0.016714799716801454
0.7151104978353696
0.5493011225680354
0.3749754609855148
0.6415508699173695
0.8954718492904837
0.6645631132387831
0.5569821156573477
0.6319938567554239
0.7465131821769446
0.7659305180197972
0.561474655612617
0.34850889696131937
0.8081499662355249
0.3519139765227314
0.41563668499066564
0.8134830821798722
0.216834523560808
0.7943038721458574
0.31148286297863925
0.5604229042994758
0.8076076523657647
0.0774796942572088
0.7639537547992316
0.6045553729973595
0.44554312290349085
0.17199076092514465
0.5671558082434134
0.3300962432349006
0.42643443408989723
0.4496035800463296
0.8754019914056623
0.39718368898646295
0.9991776013935803
0.4919987442938345
0.74339220791694
0.762684195748169
0.5689958915510365
0.3656563678271053
0.22962216583418504
0.5818649671634095
0.8465063647336765
0.7753533408218244
0.34249727291297805
0.6955941142218575
0.49388074866898135
0.9700056139490337
0.5937497245813088
0.8571704969010582
0.38615727376546993
0.6486101332342877
0.8278030232787201
0.5267156971525867
0.5752291615069522
0.1404626106088508
0.004782446695710374
0.3212575459045478
0.06580083575653117
0.9691300566751627
0.23694760529324954
0.020178774384441822
0.18855085306533048
0.6377600031207339
0.5566190497917833
0.6010840599966021
0.46190765296827974
0.26341534242048303
0.11456272258602007
0.9691470766090102
0.5565152162019925
0.9592201298978613
0.6178358306182966
0.6556317217327164
0.9457576625285476
0.17580536561421767
0.8610007015724074
0.6698849424270704
0.5781447923719135
0.1858865119386216
0.7318808993753687
0.44241214113296057
0.5428672577385735
0.759435301490845
0.3055521439454092
0.6755457696440816
0.9153566539007104
0.12019744796886878
0.16167664638341184
0.8580529843608145
0.8897148275668261
0.7827323679150734
0.12549756162258197
0.8185128971459694
0.6753228949262706
0.0696075351701051
0.6275605635121052
