0.887683955198
0.366654829192
0.351344994681
0.0796081217676
0.908012423868
0.593368019792
0.0286821627561
0.256588745708
0.052344150002
0.422181831727
0.963106675448
0.822492345194
0.386256173466
0.208054745052
0.947676717455
0.344664244874
0.801494308027
0.00271994287953
0.409827861006
0.434108888839
0.280926178621
0.635656826807
0.995022726177
0.823003505719
0.543236671344
0.466704348059
0.835256467295
0.71307924398
0.428952326006
0.275858028747
0.098554894523
0.937873357358
0.673729665384
0.540884410529
0.370670170003
0.898894731241
0.405140889494
0.649480918709
0.565336451361
0.947363605438
0.904118647183
0.0849667103788
0.293964779148
0.0510022035074
0.679988527692
0.149248995857
0.349076171852
0.288083172336
0.634655817703
0.661286090455
0.0126156554392
0.185404732896
0.949032687796
0.622129166818
0.280129265422
0.862845174143
0.981213311569
0.849847713806
0.0853744964274
0.41183858577
0.787054482127
0.803332754816
0.614713778922
0.0479399819171
0.693381435371
0.986168026061
0.189150942266
0.928112182202
0.0372058770606
0.0104130068294
0.159483388423
0.848685559901
0.616470564724
0.836858448812
0.285561500441
0.24920510423
0.140416588649
0.335656200992
0.0502810403032
0.760343581304
0.399863313732
0.884807222764
0.940105908788
0.63532052896
0.111968477326
0.557752156979
0.657660796065
0.127262929548
0.921355679155
0.660899352937
0.436841875098
0.163568825192
0.467846309385
0.77171031136
0.356691262844
0.958075075362
0.478466846338
0.0145542416463
0.747352400983
0.837844064219
0.902885795826
0.960757324592
0.852261119434
0.027668981702
0.188631007071
0.542939496119
0.129119974575
0.659541489165
0.810233551562
0.76636930342
0.135414855383
0.974568227549
0.484006146889
0.582184270469
0.39543932724
0.312953349682
0.170860360953
0.0887592407717
0.122501244248
0.827944287183
0.85606579715
0.77036377747
0.575233610908
0.119718802128
0.0435429826247
0.924844064342
0.399159524542
0.409326317413
0.226383337424
0.159049025818
0.175971517893
0.913662514655
0.205683847696
0.530080535184
0.830309694959
0.234355499336
0.591564336964
0.530154277151
0.160574505438
0.18066478675
0.925228753139
0.219248878102
0.49015348335
0.25029926534
0.680393596027
0.329925372073
0.0983460682776
0.269077529466
0.0488130759663
0.722561949199
0.457214435796
0.672665494986
0.68598249684
0.373917185724
0.0610916131976
0.532089341717
0.926346943575
0.595118758671
0.579294550408
0.913184399865
0.712207160623
0.812431067435
0.0750043857801
0.838457871194
0.36359941093
0.236243252504
0.35867214089
0.245386804056
0.177233907327
0.365734276539
0.801566828158
0.089297277497
0.421490195054
0.568115319124
0.455394313205
0.571952622284
0.613875077078
0.617864788131
0.746655160489
0.164003975649
0.233567771444
0.183287565113
0.967699468393
0.140317828447
0.39860603142
0.220804165655
0.0181721652891
0.631945134386
0.219495536006
0.733157477021
0.640979249437
0.896882300266
0.123599312808
0.0344846555703
0.154272047185
0.896354364685
0.847113894731
0.00490478241175
0.26757557863
0.00699528100895
0.260525032755
0.623044823873
0.655757328982
0.55614097183
0.423189591518
0.645731096494
0.272444407162
0.870370417437
0.714730105432
0.399372634337
0.148923127318
0.997111466131
0.771744216692
0.340786712685
0.0394083456191
0.528929837261
0.798957799975
0.48055406328
0.758358210683
0.192243206229
0.876937398621
0.241589115456
0.911737167516
0.504609576753
0.888569797159
0.514289487566
0.616409433699
0.903247537001
0.630724000875
0.988431808516
0.00110510171198
0.0828835658007
0.756290573843
0.253839685153
0.277578941761
0.549334332007
0.0864545214881
0.26853551946
0.889214933802
0.25991164602
0.0826378482517
0.265058687665
0.285472763612
0.333722043045
0.580843377122
0.154187899473
0.581802674481
0.0496300319413
0.861267486987
0.459970169098
0.678917195513
0.778396646305
0.761519084932
0.0108151485976
0.967451161084
0.285882913716
0.537360507166
0.199287004213
0.687532140294
0.53558578918
0.947958744076
0.177362058222
0.0151739083569
0.446784527627
0.885218875302
0.180555860686
0.730106394498
0.932799233541
0.838292803416
0.451488175009
0.117864201303
0.798451382721
0.701366384916
0.347954994009
0.0107484028706
0.86324094231
0.170027342545
0.0157180375878
0.438360172457
0.510894629373
0.163939237258
0.463879804846
0.445704328176
0.30420749873
0.964827107858
0.0525796687236
0.639677775608
0.139272042823
0.168853097115
0.136779474123
0.68855902919
0.506695902431
0.525406125718
0.807396999516
0.740333872749
0.673050212972
0.477982673016
0.127248869547
0.0693948372695
0.547899843011
0.815347796252
0.420875089688
0.726028507768
0.908431652525
0.834092139247
0.607573798693
0.492260453357
0.777418335134
0.673060825126
0.378896133022
0.485418597759
0.99545802649
0.529013240934
0.623988342589
0.409355238065
0.0659882176169
0.221850740437
0.759761610441
0.624380230717
0.0526687892872
0.470806176081
0.942319844521
0.152980167093
0.419964136272
0.0913983765972
0.953170801396
0.817644375624
0.858070832524
0.180898035329
0.778271351843
0.714412450382
0.111399077106
0.710861745229
0.250676884628
0.678141894372
0.670154729038
0.592570120627
0.639436866486
0.0503403701724
0.88234937765
0.296489864328
0.360004811482
0.439009841012
0.171036404995
0.948283043334
0.848923072659
0.893566606893
0.687240681385
0.058138583964
0.777474144164
0.385730188382
0.496490866791
0.43052799962
0.664973951871
0.312675218505
0.134155393348
0.373456012951
0.114353209039
0.0239682341479
0.535100576894
0.696027483788
0.595592214568
0.550964592698
0.817867498756
0.590654576756
0.273830149141
0.320837479391
0.794194243893
0.473193399186
0.00695877938975
0.937748714751
0.890567109054
0.718989453061
0.0638599680533
0.799595863375
0.426488829767
0.686543404723
0.81917708642
0.681220726953
0.457544770316
0.057939186422
0.0743632903911
0.276534585619
0.13345393064
0.161200684837
0.792640440024
0.550006000762
0.133182947692
0.817133010507
0.0356735722633
0.492351735704
0.116089505373
0.521904443257
0.862679243493
0.944920240837
0.567761234422
0.465511042663
0.522824485074
0.426008978656
0.012116919635
0.547994536458
0.148735496611
0.606079713723
0.000451220900088
0.482431024261
0.840925565528
0.199385033305
0.209180169712
0.146298502162
0.810816901073
0.119999465387
0.495418603912
0.725086454977
0.412755587393
0.87702894542
0.0142644059868
0.841716505377
0.986459301965
0.451775782823
0.144710357958
0.0853011752526
0.804738041897
0.15398647756
0.919854502573
0.0174481941961
0.782436924128
0.153416873747
0.108702110216
0.923584762374
0.528931795355
0.551364616473
0.933529786352
0.772078622855
0.332818887222
0.411670810207
0.0542727525892
0.850628977209
0.2461012431
0.925332577283
0.241682724889
0.445135491662
0.241686342003
0.384568424144
0.768894313289
0.00578926842329
0.271189897465
0.468588005741
0.28919196129
0.0791743363473
0.494369892073
0.423350072856
0.710195265864
0.120614478616
0.186191714525
0.224004425842
0.597609884894
0.0170898248401
0.151408265318
0.324399410661
0.611816206082
0.405330780756
0.925778804637
0.892660246257
0.880643184546
0.937502272209
0.322946186976
0.673670618584
0.620673716881
0.9872647559
0.517730227742
0.997445563869
0.0267595940507
0.421900353469
0.516861784286
0.972865010691
0.739771480535
0.108263139634
0.376093215583
0.3706637705
0.820948660531
0.286057101397
0.502914552471
0.236478616218
0.592704960092
0.580952114821
0.715340145239
0.119880310325
0.960490147478
0.136373055016
0.313220879365
0.268089229745
0.769944387396
0.408165514624
0.693772749328
0.801811946224
0.554439258519
0.310845623877
0.549249113508
0.99043663229
0.696508053914
0.362606351823
0.72254013417
0.718814150597
0.189275715194
0.531187880821
0.483574997707
0.371312544551
0.993836250379
0.407927505587
0.529074623255
0.497186533437
0.403348217606
0.863231418416
0.978469148144
0.103802921289
0.179162081091
0.704493382453
0.223610732881
0.12596983356
0.0996148524918
0.36969966435
0.85129524939
0.510015108861
0.54864246989
0.35773724106
0.856809479512
0.633988388365
0.257709209099
0.961887879711
0.971700736936
0.151259753796
0.0143785066597
0.44125572922
0.993391292892
0.809678965844
0.0851062809518
0.0932466321285
0.204412210544
0.608909701156
0.145347516615
0.0720262746111
0.958122317007
0.196113354747
0.496080035584
0.450714380952
0.74747491982
0.62984281871
0.482015640967
0.706288220683
0.616404036978
0.98093776377
0.380421496936
0.924667478265
0.126239771518
0.856667718682
0.0935287966725
0.906524431755
0.621646531547
0.884200920427
0.249016152395
0.980609505859
0.793410571292
0.0674135791916
0.00473202661839
0.989042562598
0.963300246272
0.311354391751
0.138926720582
0.788792190355
0.651428420542
0.337263000344
0.715697223373
0.0457941256312
0.427187582737
0.483195117632
0.735369592471
0.538009420338
0.116786225886
0.336402046087
0.0612245964613
0.612882749245
0.0897443223588
0.037249387065
0.495922918157
0.00265272605505
0.830436661675
0.840544083799
0.185820441841
0.427858808874
0.532593735507
0.560816804037
0.829636289245
0.121642823032
0.995846342945
0.981516629328
0.580377810995
0.0452858988282
0.149835300649
0.930399149266
0.716230002604
0.253767382386
0.0184561186454
0.623689853279
0.912932388602
0.0399571127317
0.35652416567
0.311858106488
0.5000915479
0.716885674943
0.920063592028
0.549902489612
0.524608566177
0.782362528441
0.789164859523
0.26083044985
0.797110259234
0.326560903808
0.384274647429
0.384209475402
0.729377129294
0.47822817236
0.940020020505
0.839438423774
0.794159334686
0.0711857096056
0.762019718866
0.28825474759
0.493476937434
0.515512124615
0.0576448048954
0.97515878828
0.559111672045
0.649282470565
0.555402221723
0.709164504097
0.202166413486
0.445191150041
0.019388527759
0.979249881111
0.247018650767
0.0439687681654
0.429837904601
0.640447390648
0.476179723944
0.339868774404
0.221690277316
0.449854511957
0.484102835105
0.804094939737
0.903424557543
0.848648779837
0.0158005388389
0.351609886034
0.120044244273
0.0963815973726
0.0503101263974
0.953247565708
0.0302434364955
0.908728017538
0.0343173574523
0.710070588745
0.281424388727
0.318848754929
0.166381229768
0.979726119508
0.948685362247
0.223470885047
0.0684166446766
0.236868079717
0.127205871389
0.28478731166
0.237785792875
0.357665874206
0.311108675565
0.590343161799
0.419463954588
0.0887329695632
0.948549811327
0.343447634538
0.0132784113036
0.539754306115
0.341028045953
0.259083684476
0.217276136228
0.495970347206
0.236628545516
0.475085882473
0.123696472317
0.271279085169
0.270391285373
0.397060913442
0.32130973256
0.994456370191
0.974689502031
0.825671046987
0.674712968694
0.263805701874
0.675577812831
0.123342419807
0.257865191003
0.369290620969
0.577075448864
0.371119141425
0.117827706966
0.570692809304
0.891621526555
0.478260478488
0.431606055401
0.171918419099
0.802619246011
0.69292228649
0.400392387593
0.13175626921
0.788614760498
0.464701304288
0.721805982885
0.609797088348
0.164522812944
0.358759825308
0.860893737581
0.887511679409
0.222463948735
0.0907969289275
0.745691258352
0.685715026277
0.642509388387
0.95265696291
0.576564651305
0.737552154678
0.591876227728
0.563477117978
0.057347426122
0.263946056103
0.228888835941
0.699844409223
0.541410695842
0.735072919687
0.794412251705
0.155027434268
0.782445681359
0.572933329247
0.341534625542
0.68298613567
0.484940492581
0.756882818621
0.385584012768
0.531105500227
0.0193560916246
0.300562294151
0.227423171268
0.645926555101
0.430846115308
0.727577652156
0.48942393039
0.388390994588
0.583193526425
0.583746520676
0.0976782299273
0.726299342996
0.231575589832
0.616214331045
0.0880195662526
0.294029947833
0.497805102296
0.413985491282
0.639354647232
0.458954101971
0.729407223031
0.368614676716
0.379785902382
0.493962744796
0.0763988205902
0.35058682202
0.845049006433
0.198795956505
0.699961408507
0.917647443129
0.705082136687
0.363236013264
0.29465297466
0.60206947401
0.916567315606
0.549189542308
0.865363765719
0.19808598253
0.143460414246
0.690131007295
0.464724628672
0.898269155148
0.114698514066
0.924226147458
0.440685795446
0.154164671525
0.285597752734
0.863964358674
0.445393602621
0.860832945575
0.433539859249
0.996607909516
0.12496662332
0.904930245412
0.315866366058
0.785125402099
0.601564810631
0.163391654375
0.306902352097
0.832159326552
0.179486412224
0.532705358224
0.223767864525
0.170621547367
0.469462573123
0.939123700491
0.514560324784
0.293669784476
0.611970647217
0.712031632117
0.522852215495
0.622719354157
0.36934996596
0.147417800114
0.419055389083
0.405595127407
0.134833534586
0.750279588287
0.930924649705
0.0470106342842
0.931569446351
0.979908070646
0.418204196443
0.951802607646
0.858530587939
0.940587301142
0.738851952388
0.000365386190012
0.808369608356
0.83336176582
0.418185074319
0.721951613554
0.990949762647
0.508805303308
0.962642727752
0.0811103037838
0.561320572381
0.121035029875
0.191630597386
0.241600990231
0.0605200923481
0.083557838911
0.116498254411
0.597481891722
0.860733721848
0.873818491651
0.211690562065
0.659658070917
0.605217876369
0.746713191309
0.700452530098
0.605220514244
0.584287220294
0.2827462816
0.686152830562
0.664043308852
0.606026247111
0.253351055903
0.858352642462
0.180606248048
0.492271443614
0.111594281054
0.226229698936
0.294449541628
0.201747274398
0.916815478164
0.742767292642
0.593637331448
0.368960982963
0.024034361491
0.963449682423
0.840409126608
0.122213221765
0.557754541492
0.272067526135
0.787752959487
0.0953216297997
0.639176047268
0.746696374668
0.403348040007
0.890533558074
0.506578892319
0.349618836742
0.00269753595635
0.334258800587
0.423591917411
0.839105058562
0.312717628453
0.804614628095
0.131323541523
0.594924690132
0.0245974909203
0.451383245514
0.58772621806
0.514486541588
0.450493638087
0.939948575365
0.615631929144
0.839686658977
0.371483332691
0.178497914062
0.10589193819
0.703682826508
0.282500251657
0.402180243865
0.123055154214
0.607631945826
0.044074930093
0.587760615633
0.833886348902
0.333468996703
0.0488360945485
0.46026027452
0.130933864534
0.858970729897
0.785635623917
0.060453820478
0.421989577682
0.604213173486
0.0156099333066
0.968748670279
0.204520334365
0.0847143331044
0.0483906113303
0.112662041776
0.0238326730797
0.581056662095
0.839810038698
0.548003713083
0.643204394462
0.586318481878
0.257952449261
0.191986145684
0.344764298135
0.184325091853
0.449551863125
0.296606550353
0.276727460821
0.311245330827
0.492974658878
0.474170631626
0.560608541713
0.0774521813947
0.260166202696
0.733766145788
0.326029129558
0.532928267547
0.607972648329
0.0568552299715
0.263688413516
0.524771029266
0.207074952906
0.056695197352
0.964153784579
0.173719468226
0.375426073427
0.415283057963
0.304500031634
0.317246654489
0.48337430677
0.351590019158
0.661109393074
0.783803803074
0.860297842455
0.146994994648
0.258184374629
0.0924681043746
0.46738167997
0.487925763047
0.926355447888
0.965151457982
0.744484701497
0.090112504099
0.6347201362
0.319492280643
0.0673878241596
0.181010077271
0.693157048398
0.673908242632
0.550358024909
0.216148856162
0.453202875517
0.539218763398
0.583996307695
0.460292216126
0.700358940475
0.776511087089
0.975126719661
0.805412678192
0.681745514749
0.364201779743
0.163169980062
0.127010669683
