0.402922674099
0.0811600529916
0.316004581818
0.81493282993
0.160919053737
0.182163573078
0.410763731906
0.952593620543
0.159862005436
0.975511621579
0.223875637582
0.868847346503
0.882476232525
0.855045398328
0.407008400794
0.102886107863
0.773810095396
0.118095607685
0.271585889982
0.797334432137
0.751659461238
0.0177267101653
0.197082166737
0.701679126432
0.232451684366
0.438463052049
0.14810177896
0.689260778551
0.890624324183
0.304547777952
0.892135762327
0.940740497086
0.663776554844
0.236049281653
0.632996133416
0.0881255369347
0.546301177171
0.510161277277
0.738423686761
0.180578703976
0.606238571612
0.0324987622731
0.453657077511
0.85431916331
0.428978087114
0.130356638589
0.827281499377
0.334742468968
0.476967765062
0.376351028113
0.0626726375185
0.63966333562
0.541503852342
0.250314310691
0.84723117008
0.264592021276
0.041679894007
0.205255081385
0.0286954553198
0.441991993382
0.949961267965
0.0506053841994
0.742448422234
0.968214387573
0.227804800994
0.106327181768
0.666015783801
0.55442440711
0.340457923808
0.245144668771
0.216100510068
0.892024518157
0.835815091665
0.776940232558
0.476218055204
0.520024875458
0.978487942504
0.475306235598
0.985303012858
0.50795051511
0.743724582562
0.105141793475
0.804165653982
0.709932296318
0.141097363816
0.107417454616
0.670028540699
0.995627712148
0.36613953655
0.968385621328
0.137172717713
0.457876484293
0.790971105447
0.593167513669
0.74293111025
0.189188598795
0.069546727332
0.927939135651
0.558440926937
0.489980743809
0.274143806805
0.569564032199
0.990005284473
0.988719825599
0.74874336754
0.887109877268
0.520853908584
0.0680648583445
0.185299808514
0.646578565167
0.95897630833
0.493134648265
0.863992830297
0.0484080182097
0.498632175867
0.696308234436
0.983707707626
0.725925460112
0.673502401255
0.621951962195
0.480591385675
0.891669356802
0.167053165201
0.150754198797
0.842843095672
0.114037605509
0.462962840413
0.448772909781
0.32327102879
0.721300328239
0.506269778838
0.843519136702
0.690273576189
0.687075600207
0.552783688822
0.812878112531
0.260844701515
0.157241643119
0.00198235874105
0.47832334613
0.0666117905236
0.535980487819
0.375509826689
0.591187731923
0.931090933742
0.578259156862
0.254412422868
0.113712092917
0.195419208707
0.759573142383
0.281735321616
0.504866236538
0.94027828715
0.633643523248
0.0680529084666
0.054047491065
0.449518269134
0.325415492165
0.806519890054
0.501616051095
0.403740132782
0.322883359721
0.986429430428
0.710228968612
0.260074599797
0.380827944089
0.995493204602
0.45668170888
0.748747385646
0.0488823995515
0.492768028791
0.709388409731
0.82376975809
0.964708557626
0.408791801816
0.0868380413968
0.191680208136
0.480876529681
0.624558881138
0.405521606849
0.209212390382
0.221825244618
0.367757448858
0.548594151485
0.709381933698
0.949700974554
0.399909203887
0.248645826874
0.722464283986
0.767351209474
0.649375148959
0.531835369706
0.0562522025492
0.488744740948
0.327116726192
0.439854431146
0.957435197868
0.399286745236
0.572228809842
0.486760871372
0.536763928221
0.0448702133411
0.912406684235
0.137258800965
0.565883548028
0.237867038528
0.583864531385
0.618175408824
0.856092976595
0.344666105151
0.40994293959
0.771648672919
0.0934689584295
0.118578529648
0.0565493221426
0.261546056502
0.879004580359
0.275283853883
0.696562975285
0.483065844586
0.773120768223
0.525622553952
0.725370311919
0.936197597366
0.357914284497
0.0723215849964
0.346998569989
0.108360922685
0.0540996637101
0.886090667228
0.702947342312
0.011039235351
0.662589941201
0.709098350072
0.451512596946
0.565295830539
0.796825623827
0.022574569323
0.687556306809
0.685389639516
0.468195457939
0.68774139442
0.840230774482
0.828797643508
0.516712019738
0.756732778081
0.230318326336
0.653573273323
0.847029570017
0.0305301935994
0.81515079246
0.796902574808
0.690164780805
0.169327859616
0.800280415247
0.161930847116
0.313383665889
0.612642062707
0.612600785625
0.0112179615975
0.826672957043
0.660801558911
0.148037931947
0.861384466336
0.882868138375
0.986426629571
0.0283515442421
0.590013760125
0.989282394448
0.863070723817
0.68908032414
0.588154324082
0.0816305142276
0.879395846094
0.354763629355
0.21947417287
0.199936351381
0.356655885162
0.260334649233
0.857021742534
0.605612437226
0.651246072027
0.630267773484
0.0500604979837
0.00152303507349
0.0865365270122
0.500873458777
0.434979741986
0.989950111195
0.637104650103
0.679103905422
0.391329400313
0.546729689649
0.545974083661
0.336469129055
0.381669388075
0.685231944176
0.67792418482
0.401170369063
0.681189235614
0.817246224415
0.826140039464
0.231335806176
0.319695972971
0.717075255223
0.896001672654
0.901761492821
0.342186559266
0.707161009017
0.834742038625
0.761539122491
0.347244407379
0.456037093652
0.188302843729
0.437019931594
0.460784808648
0.593228136275
0.953922858544
0.848310622696
0.957628915339
0.842749335316
0.374716531253
0.114494390645
0.152901101034
0.923034352436
0.67569925138
0.410784581129
0.519671046469
0.901264181005
0.956665039248
0.509005362583
0.960666196581
0.0548602849577
0.572700029271
0.737785337223
0.586731757255
0.920238619538
0.738822278729
0.387749361552
0.39846600861
0.639103699942
0.977203033628
0.543555464621
0.412581119439
0.819241340489
0.0209422708244
0.0553076765555
0.321988388546
0.733930026634
0.57212294399
0.366698060188
0.213162376659
0.860545126382
0.797884016483
0.644206784027
0.181761893504
0.415760123726
0.50003198774
0.815110741976
0.0506706885715
0.14094525906
0.902325973156
0.0794576906579
0.422682363966
0.524601176563
0.168203357492
0.716745967661
0.706448862568
0.257070244967
0.808802969779
0.709369155309
0.806557662138
0.197404541023
0.0113410653036
0.895564264202
0.306167627254
0.176723588961
0.779284333616
0.0145042288448
0.123126581513
0.870000489766
0.439192261667
0.117590815597
0.829376937841
0.817477227193
0.606541740187
0.688581596146
0.719143402479
0.324640693764
0.0840663452422
0.92441487846
0.121389901103
0.746308131228
0.0343573168418
0.717090917399
0.288340102396
0.468122931135
0.357753375032
0.478440031494
0.0923514745516
0.210482890942
0.661800398059
0.275481844456
0.191937859224
0.0531449697278
0.0125561536195
0.0225551218081
0.597568427282
0.584909370356
0.923793560594
0.384107041625
0.906140222167
0.40654232126
0.46390819956
0.0235696493132
0.706297075478
0.548405189199
0.836403437765
0.881411396971
0.0415286333818
0.381553903749
0.176873264517
0.557329869232
0.99596314654
0.292350724775
0.942373060213
0.358637254832
0.181456831679
0.196536772507
0.254209081469
0.914006736584
0.922682814848
0.385696448032
0.0508469754668
0.531787884851
0.911696946447
0.096547658009
0.227711590797
0.939495108832
0.306679186198
0.30962240285
0.379175725146
0.332647441419
0.352192548186
0.808491252051
0.629542591344
0.0436484322503
0.0594795222149
0.630138172381
0.770943824391
0.887469206898
0.106814631807
0.618076519433
0.20587885642
0.441977252434
0.815543120914
0.731206754422
0.749984421184
0.883131333643
0.74129664577
0.659958751605
0.0537410713374
0.96048242258
0.923185773819
0.617658722539
0.162484957671
0.703344850093
0.920382938813
0.350874866064
0.067476675523
0.636943242371
0.547186071782
0.123525063918
0.882654819981
0.555039463059
0.613258470723
0.00426834234064
0.161016395695
0.332009327222
0.952755674061
0.903183871751
0.547200078037
0.0213989598763
0.514014028412
0.480520370847
0.617389028533
0.924035973308
0.327001123738
0.481525452566
0.216699694645
0.132095586713
0.30212787333
0.575052403462
0.12640811073
0.00870338948357
0.033455435986
0.0680267415397
0.0359808934972
0.187360130108
0.81820341027
0.885467297982
0.794465592251
0.9473972029
0.596060947336
0.462635417035
0.031521100027
0.178396552829
0.678440475234
0.672939676959
0.940685790213
0.0422281540532
0.829522661417
0.303084582515
0.857909883524
0.608848389732
0.492278261573
0.958884230585
0.348943776145
0.0251098637116
0.588080532768
0.628156438663
0.44198424797
0.0426202139796
0.704661591818
0.486048102039
0.733168281931
0.209388960462
0.492415894861
0.696245252101
0.296572687741
0.423073839344
0.406396785878
0.544905696887
0.680102110906
0.505675062204
0.0302414557813
0.680795725
0.401732938938
0.781649447653
0.743020655998
0.177885113805
0.830978944266
0.873627290805
0.00765329373871
0.0588908963657
0.337105863905
0.970310205872
0.0403634435637
0.970605337986
0.0465326556055
0.489580959059
0.274792622017
0.712485842655
0.146978334608
0.123295137653
0.982535341609
0.456236754389
0.221352104655
0.0491126137185
0.0559027630437
0.970249930287
0.0371253364811
0.014194298211
0.4377591949
0.854301756381
0.992612651464
0.681579830581
0.714230058085
0.989428154037
0.0436154557958
0.654080091327
0.329480930508
0.399049892666
0.85950093634
0.866230279809
0.0871071403801
0.02382913936
0.464676011767
0.632932045736
0.164645593231
0.954578440341
0.527721457606
0.244982162182
0.614738680699
0.4141020177
0.475150776079
0.85183529419
0.53930148769
0.904767898556
0.483149284068
0.0813945051021
0.625709405052
0.666002296771
0.0472555028289
0.0929726077582
0.877684099349
0.765252298412
0.345759332283
0.827788409273
0.319941779049
0.323734136532
0.0408521401251
0.594320486629
0.904654782414
0.364083411418
0.512135962379
0.34812101053
0.230007486996
0.835055516373
0.504786687618
0.0628890280945
0.0758252259615
0.672990416051
0.739047892992
0.745411375114
0.828159812006
0.441215757194
0.670727240449
0.310304883167
0.185843675884
0.47007929555
0.744816044334
0.54822303533
0.938021751965
0.602861982593
0.827183540244
0.0599061917105
0.543547857983
0.0861395224321
0.937792034179
0.533263393403
0.998697442678
0.122552973707
0.556723899808
0.927578661605
0.994597912271
0.770712205004
0.663518490419
0.713305393318
0.698250428178
0.488691234888
0.962428724957
0.298657195745
0.680377080465
0.291729117785
0.744159943903
0.627120749776
0.847248312332
0.635981580367
0.987663580523
0.210301525855
0.764478715159
0.757621507676
0.854466557157
0.352636671608
0.427195798467
0.999286677674
0.895981465224
0.708591446058
0.869216873133
0.88161961
0.456633516516
0.645240050412
0.482415845293
0.704087044103
0.24570973701
0.760158719875
0.186791256742
0.712076169227
0.733233737276
0.706441655719
0.749026496098
0.530613051685
0.78913381555
0.855011927528
0.725629129691
0.908900103691
0.953050763601
0.627538110538
0.612108307885
0.355377874064
0.294712271729
0.528300424894
0.286699094023
0.47166207199
0.454648638469
0.818079385434
0.501816056367
0.12739376974
0.562975408072
0.945964996544
0.162033802989
0.261973690007
0.0261356013313
0.137957711317
0.461087198675
0.0644922701233
0.308155451417
0.375175824565
0.397306030743
0.935384550125
0.972803280689
0.702641949011
0.841509853826
0.52545273859
0.443766036547
0.912243109155
0.881441767039
0.625029268342
0.141213188006
0.538832106383
0.95485716201
0.0433746370304
0.855735485003
0.455182436379
0.640921234857
0.738477969887
0.0104125408577
0.370803490623
0.757084810608
0.440462071388
0.342258459599
0.140027763273
0.630390792076
0.33613961954
0.498149135764
0.195374227544
0.130366773248
0.449838453194
0.290851901465
0.038516565455
0.83287613848
0.877733583692
0.887291211768
0.505905927451
0.87623593316
0.283385146967
0.477339603997
0.644700813635
0.96818632363
0.539191142864
0.196683932713
0.361982955926
0.0773899385752
0.951093081946
0.904236923877
0.758676416144
0.591032774531
0.787848493898
0.322411778839
0.423426168817
0.920592456122
0.93780471126
0.737305081464
0.555374116973
0.0395503799288
0.384962926124
0.494332357925
0.6572513535
0.988533520498
0.216266165755
0.257320041815
0.895703647563
0.437210841191
0.864407089568
0.517379466913
0.836605244623
0.840910043983
0.84672092383
0.683181847194
0.0450598464787
0.381203307492
0.782182919166
0.236059189063
0.601861588634
0.830909900603
0.573951171538
0.0231863135029
0.71075415963
0.875965304644
0.953715784971
0.00201076501494
0.0610981403887
0.506335845137
0.927867676878
0.272278175531
0.167473575324
0.684109777407
0.149629649347
0.906045916989
0.975862349642
0.997561467629
0.00206916676902
0.455054557741
0.819905411696
0.615776166511
0.662075874761
0.736232058847
0.73546133281
0.491399406226
0.423234811311
0.568795021085
0.454566215691
0.317616341066
0.563058394738
0.0350222411533
0.688350557321
0.849595527594
0.359303121282
0.350664703755
0.199965999977
0.210472537846
0.379744418962
0.471341889209
0.868342839431
0.194241715192
0.213983973076
0.536778204746
0.473275187267
0.0843509629951
0.26101732607
0.483760279689
0.0285912783235
0.42232730857
0.524802386622
0.393978308811
0.780044938516
0.186432958562
0.708897799907
0.162786137999
0.976727963887
0.233295203679
0.91865600985
0.163096398681
0.619259521625
0.78215514388
0.300869510459
0.608147240042
0.922193252915
0.0773646001698
0.302078772222
0.81327736507
0.42341196027
0.172386776738
0.538060933704
0.40526314008
0.484510060871
0.139236689829
0.605085379422
0.0928166574076
0.191015393376
0.180024636132
0.248708321374
0.370682067566
0.855960290441
0.861344320096
0.636321374385
0.668444764858
0.163605725137
0.28504607968
0.734488234409
0.365432831103
0.578107700492
0.558282534544
0.285824211806
0.336705859458
0.276945384033
0.415474965849
0.267789146475
0.084412738114
0.509361505321
0.286864880163
0.455331382841
0.348077898957
0.509207782817
0.0372266307918
0.069244115602
0.486856344369
0.330289565897
0.218509272949
0.586045670703
0.318624616726
0.359354719754
0.0830888671737
0.0801807431835
0.479216969303
0.0760784927144
0.0468117050882
0.347307235353
0.195957288118
0.649539294462
0.487121699695
0.372678086883
0.599498042609
0.359147810886
0.51242427494
0.488820761693
0.252892432247
0.590937779322
0.197436178483
0.520313868403
0.108091959195
0.533789847843
0.684241552802
0.833589987805
0.441825026053
0.0132213876386
0.274133718814
0.802104809491
0.870741665593
0.47895326135
0.411778523354
0.964250703896
0.158752142054
0.921384706165
0.563793372811
0.0992117645822
0.130924873185
0.858900728231
0.490230414904
0.0894826685984
0.0476780732304
0.751837815851
0.239250340882
0.940370516691
0.73878666611
0.745785644763
0.406343549135
0.506998471124
0.286854777799
0.858192610213
0.11251165955
0.38913373142
0.941834128511
0.689666035089
0.225824920511
0.307173372738
0.858571380735
0.336621250366
0.0610149698639
0.449993345101
0.978452231874
0.240533040744
0.857943081206
0.0826859194787
0.999170778693
0.0777139269216
0.940900411207
0.153331631973
0.369071975053
0.122808953794
0.513975121915
0.421195744407
0.502668958197
0.309982012486
0.246537517623
0.669292274035
0.814212929662
0.104086350778
0.180624363098
0.0547278188288
0.242756849631
0.306960322542
0.945832873351
0.761642397951
0.249301429854
0.0273604383516
0.789231550893
0.1531900219
0.106995332605
0.378530982696
0.044812829284
0.328992685294
0.990869742614
0.540070421638
0.735794528836
0.344704705867
0.0274292473394
0.684933392433
0.897609582207
0.546597176867
0.27519266278
0.117013534942
0.514057114298
0.784054108312
0.519029106368
0.795508852909
0.952099469517
0.721619268413
0.46283392183
0.951786274322
0.749066264801
0.242201692262
0.743352047177
0.760979961707
0.477338040293
0.387142172194
0.546848911534
0.969240496533
0.741856863633
