0.11119844766775022
0.0957941159849498
0.24497802923335266
0.40983779186723157
0.52323528485345
0.18561651077239305
0.7819426811868642
0.4828954272451903
0.7311970666120399
0.10501152002826897
0.942824679253332
0.30986219197185527
0.08854806157986816
0.014430369149682098
0.9162703518424338
0.821403544060423
0.5346709305884655
0.6031453322352452
0.9909990546937332
0.7534558815406868
0.11004809353761003
0.0838546740035283
0.4334233639849633
0.3392799816972428
0.41084587142457085
0.13555642996495154
0.3020711051704762
0.5335715151551227
0.511868495967591
0.6652725717312833
0.04464228241251633
0.2265547540963988
0.3865542487793123
0.20771173007691213
0.006006513778135769
0.8966696154228612
0.33507966745411577
0.5411815749042526
0.20303415538827885
0.08813455083094623
0.10067317896813255
0.9007094763888456
0.28212807597839684
0.5414126592857951
0.18720674241249136
0.22055180807500896
0.27069722495398585
0.3435814393658504
0.886980573726355
0.7294705827081757
0.6460899740847954
0.6560594387686094
0.003618812302684571
0.4168652045219303
0.9997973752632534
0.4260573994220116
0.4896473614188591
0.4771309955237436
0.8486526740226538
0.1963223635435174
0.2673868731397443
0.9529480185259113
0.34623612050973906
0.8041199065552377
0.24251529993664378
0.3390070921645537
0.018161277804973563
0.9412867116960305
0.9558996514326349
0.9049737798818523
0.6127672771572643
0.02300374650653647
0.20624064925526298
0.7802113253859895
0.2501078065777751
0.11775228944658023
0.3525367124461044
0.7641761408677864
0.5193934251002585
0.9586042735386817
0.7840899424360919
0.5086401347290003
0.7406242855142409
0.2586910743105866
0.4860321541441518
0.6430661656100187
0.501734703283967
0.7135002261414777
0.9502352647118798
0.24270334655084025
0.32314985249413897
0.6480914437382638
0.055512959508497994
0.1917147984711126
0.0030774210277748626
0.8839762790328277
0.3555317259840778
0.38640622323909946
0.09464305610319279
0.944395262978537
0.7086650415736783
0.4781802307069245
0.28190016963304176
0.24795573332046628
0.6383010118608046
0.9721703705103617
0.745432896171439
0.4537947297858854
0.5851681194207664
0.5550039720525358
0.9946892258916952
0.35489573237285155
0.7930986001237119
0.6497676261079464
0.8920410328777792
0.3885499969172229
0.23833025013757825
0.5953579756525633
0.77157155084666
0.34105603418030905
0.5822916968076238
0.6329345160329513
0.4049036630991424
0.5485081186251243
0.6110421285367665
0.8600351026462362
0.7533766814526529
0.9757806141584617
0.10386835509195247
0.3116223015340348
0.6638785055975582
0.13451813374145338
0.16032095325773899
0.28846955261399587
0.7835080267134634
0.005535613881745727
0.8394396432709681
0.7110172038211683
0.08047204666574082
0.6973099482687202
0.6840465170869864
0.4995235965944379
0.3946532531279229
0.5038472034955114
0.43467342768675
0.5640325166170083
0.8360928895501767
0.8824321723150045
0.9142872409658817
0.8630051091224545
0.3461983839190069
0.6874986509713743
0.9804904055423296
0.86333989043215
0.004325301366370771
0.7531769622456165
0.6273012955104631
0.6449872598871947
0.6887664889276692
0.47953416030747376
0.5716133321886688
0.2494062562262953
0.03319642910705445
0.6525610378539591
0.3801557086821197
0.49982003939802166
0.598366886549339
0.7827410856992494
0.8773501614400107
0.3426361394709855
0.32593588245693683
0.44738467155221795
0.38118596998410625
0.6337172499170611
0.5828300307239442
0.12255235418487509
0.6872740321681811
0.517622372358071
0.44331452974831387
0.25857815308169607
0.7137592076894238
0.9197136732132027
0.045696129178550926
0.2447185171887043
0.3390592091369694
0.9943217379759942
0.7724419974557178
0.2668915843077234
0.6020405508484311
0.03777813430477983
0.6286317747497181
0.7491409407016694
0.15764797050597668
0.23774253339971108
0.8107935070026029
0.7601775845712473
0.06444703833439991
0.8233124924363283
0.6393328444186865
0.08742057487674504
0.9454557461367129
0.04733389424198542
0.5141567411931891
0.9045732838428664
0.27185097437056793
0.5453532266965482
0.34731772460444643
0.3329578130177996
0.10344486709726852
0.24722227162602695
0.5009300057255074
0.9381678713980557
0.76892016489433
0.3823092875034263
0.9931818064051221
0.0056760317536770355
0.3266721844469125
0.5719453949671502
0.5782812401789372
0.7880094248063887
0.4333069666372047
0.8205773590378621
0.10077180247120598
0.6370667034550874
0.7020121005540602
0.7615420559178385
0.5772559393586647
0.1595657906513387
0.1899722044211155
0.019310973235885598
0.22266315393962288
0.3187849278176895
0.5603625554190476
0.9219787989077424
0.35755026848491045
0.9271729775376395
0.9007739844928659
0.1971127853647877
0.6159853274011505
0.41869165792974805
0.32734651139246795
0.8279781393474566
0.9296945584783838
0.774417326803125
0.583422631847048
0.859032141817261
0.7150165219554253
0.4157296906759802
0.05366202467832226
0.28414799175020955
0.5138607508247547
0.3037542344995312
0.2744539096033468
0.5829314659523309
0.8065784913636854
0.9382084540623092
0.28788660769437513
0.8795394586865245
0.07359217401614071
0.9043448348693016
0.09107535963270419
0.5924822494053712
0.6300708106472659
0.1918833295827096
0.2582162689016676
0.006054062728950815
0.9706702060694806
0.2633311170933045
0.1290495908454833
0.2805198076264771
0.5737421903799163
0.4857579999294086
0.7823552742830625
0.4188607617677321
0.406503766545809
0.27351422436709427
0.17433402193205405
0.18559648207458512
0.48771561501172334
0.9091812016711407
0.1899066376503422
0.12127674327269033
0.4945731975314317
0.38512683054857755
0.9092693612903614
0.47602019989093614
0.40127993553328223
0.5754930216080884
0.7777118336527806
0.42774497414870327
0.09685112433068932
0.3326755455179865
0.46753811613310625
0.43201553919122426
0.7376795713060857
0.02467903716150388
0.2874330808550545
0.8371817223047622
0.7695681419140817
0.9582972568333099
0.45563208592685067
0.14144282835984345
0.7166266674432062
0.570524588227653
0.9189739602918757
0.9440320332022772
0.5799110198002084
0.3552771812771237
0.19504915752211394
0.07921423784855086
0.046423342790525624
0.6767266863646275
0.6657591493846179
0.9867857272723719
0.7405710203727239
0.30416530132861774
0.6841742524631932
0.9981847025151349
0.654606968603857
0.8497531190643749
0.04575452752776288
0.046116735951541976
0.15538651763187206
0.4431354606103427
0.5132130722558111
0.21280489366222266
0.7737709047802188
0.05305936819073476
0.24573018765379506
0.6006186803203883
0.7170755625200863
0.10361663381439312
0.0109520003518766
0.04042591699664089
0.31560674434057034
0.6161638305836997
0.9804995694914022
0.009046404242543882
0.2975691545163265
0.23338430487196782
0.9424619047639138
0.13592105311105207
0.7877103433859469
0.9595929441578601
0.6349151727119796
0.2757163223503858
0.271007690839149
0.5279191014247251
0.6354486837313661
0.9479746777941113
0.6828977325627046
0.26259626593795293
0.45609557314787896
0.7561991716867832
0.42450279126422286
0.05940924040667239
0.5366693857063712
0.19972247135738408
0.3832247667617815
0.2931381628446941
0.8709312052380136
0.8192642687296182
0.3063006225183086
0.9380563286496897
0.566234104959258
0.44709148272689814
0.4037590746437324
0.010699702524536447
0.7857375166487842
0.9241420886108868
0.6226037693085814
0.4114840139640641
0.6660619261572047
0.9791168188145519
0.8434611596309677
0.12998934932236184
0.11746495834414705
0.6045289665457378
0.18249085433242795
0.4705398389099421
0.037493193418092985
0.06445618790918906
0.14220875776555497
0.7962614181580147
0.9798712473531542
0.8751882184201181
0.6871986191738467
0.9448080113256353
0.1469479758724953
0.9581592289857369
0.07419737223594158
0.2717572513889659
0.07297951294273508
0.8030308335528686
0.177187564509251
0.3788354863956568
0.3836367949266404
0.5579382987219166
0.378066339166511
0.5479706538915108
0.8815621632491227
0.5673917214586351
0.76778794340161
0.5618072931913867
0.8520510576351108
0.9710310100584154
0.7979475565340023
0.9792494040627036
0.7818327070063169
0.3544906724290091
0.36113680375445445
0.1684195369515865
0.9484238687222484
0.9983916736468016
0.9563197042672372
0.2710200150590577
0.688490135286071
0.02405931431052788
0.38417836439745146
0.06863715442206186
0.7522355718405278
0.6925057754871594
0.7061442142373392
0.029920942383122373
0.6138808734910522
0.5477633798197211
0.9332666461059846
0.22783210117791108
0.9205196959274021
0.4426060352385156
0.36162397265798785
0.91179792407538
0.6632367255900733
0.2645744649534165
0.2495056404410475
0.22050834437207456
0.3818517126522185
0.6921229139002397
0.13025382200919655
0.20613895833278173
0.7630035055171792
0.2630533296151506
0.18577586951201563
0.8041403448336615
0.87207019276294
0.366500289322364
0.7473553528718423
0.4338434704527556
0.5722411318736716
0.6310835117715753
0.968320614410466
0.5031566891096713
0.06413678026361846
0.5325802112077577
0.9604680772880776
0.2679764812841292
0.5783411389576779
0.7552352053521483
0.5352358260102704
0.8404948410401027
0.663504491836453
0.26853741849909296
0.7025386563944261
0.7320336796584859
0.26016580013341617
0.4554551451425193
0.037296694813388154
0.037854425937460245
0.22610105231367505
0.8473594725382364
0.23122627363357018
0.6830088851818747
0.38244935752062303
0.7161802892672997
0.29638637846260507
0.5407664325892269
0.945172820621312
0.6863081608220063
0.0019698903680192004
0.8766043724180772
0.07840786124599863
0.2932890745561809
0.8267367166565533
0.3847410963398039
0.9923543749536947
0.39350133558255007
0.7076479174089167
0.9907781123792917
0.27282560506125686
0.00023912426229888428
0.8648881086131699
0.19309577988311621
0.18794520556714833
0.035262281867056045
0.32555282121163653
0.12789093048839661
0.7009146285100264
0.6390612809832202
0.2543636388543328
0.43270060714242287
0.7815845485201245
0.46465851781057066
0.4755891852593255
0.9606084650041197
0.0896724415561777
0.836789764098377
0.793307638537658
0.5579979845536422
0.05840035870542781
0.803969228168531
0.8106025396398842
0.9161772129267599
0.10344070152149265
0.15265825420137324
0.4207458253186499
0.000517779056662393
0.16363540160827228
0.8087261805120753
0.871594565469108
0.6585251461777945
0.6377959287000025
0.6936766784241029
0.15699098142844947
0.0009825644481724627
0.9433894219609505
0.9237569339304337
0.6693517342308406
0.21505409617184568
0.6105778725871764
0.8036927080639866
0.3856593188716445
0.9018444237497724
0.5171300750755377
0.5574783248213542
0.9750311387967904
0.22190246665665914
0.9205163436503756
0.06678335851842687
0.13898560267911064
0.05114320590027044
0.9557501356048679
0.8625441372500567
0.5941530522714938
0.5908394263845353
0.3508185666098611
0.6822662111703692
0.7077582413795357
0.9274776839831878
0.7079352514749327
0.3121744496013219
0.10634095636071694
0.13269237055423866
0.7345161625952109
0.6990021234588042
0.3539398898481224
0.6841362299389295
0.44602322117387927
0.14809394785606866
0.7850495100565875
0.42018702951189335
0.17961284276342138
0.6034980603691661
0.11239063477247746
0.14142302346247915
0.0615812645191286
0.5627158410985106
0.4552554943643925
0.4636935200961534
0.8831792695800881
0.3629241978079305
0.6593031149389126
0.11016405556678932
0.6778209980140465
0.9726142006441458
0.04378811653390169
0.6091926516494011
5.059925287720368e-05
0.7964974233386436
0.0014418908005794373
0.6183405766841771
0.21555842354236532
0.5259808989863578
0.13815337974090236
0.5815174694231542
0.3432299609168048
0.5015780457350901
0.9984964972309374
0.4931883049127238
0.503973176622871
0.6472865613248833
0.35810086740178004
0.13557536138353476
0.3213678185322204
0.8559368725957864
0.9931833137627554
0.6131388707927686
0.4841389724650924
0.17623908755689688
0.23735278087921186
0.800248612179342
0.6241529459208486
0.6861879392526564
0.8045679731381523
0.6071638344885774
0.6633718700388255
0.3056669522763633
0.15592617310807255
0.618248592529308
0.8349096083169106
0.5629236433669956
0.10260457013229829
0.06461079836936157
0.8891577402933006
0.6197042478564482
0.22332891491304319
0.8965125697392468
0.01565241730373501
0.0209170846505754
0.7318336189543561
0.27660620192728314
0.7483381451658938
0.43003517066044683
0.8027497724471232
0.8092851602869537
0.6230162230334159
0.2325681011388938
0.6451814656310293
0.9556790354923987
0.847330834819342
0.13544784143373756
0.8904168640270514
0.09888147702701988
0.8490634317214726
0.4960568778845714
0.7834639665950172
0.34668801798312854
0.8956245282513817
0.8122085615073221
0.11516946648741111
0.1829728925832973
0.9377249718153642
0.9705595119813621
0.9069892631524017
0.16879675205820732
0.8819831740199815
0.39266579464442064
0.11726675224446881
0.015211302348453692
0.20392311003451125
0.08612244908961841
0.8725176253083238
0.7340958200527582
0.743754205964425
0.466168535123911
0.08337723577982514
0.27017678598164385
0.8112562139113558
0.4404755570137767
0.5880448050984922
0.030123793063865034
0.4687247244429037
0.3905449159721557
0.8750147467064359
0.07773925666076276
0.848660339064079
0.7389454971651686
0.0253995533777982
0.10868025737405773
0.4625777605333862
0.5164867398558629
0.43849415194152663
0.22818077375550616
0.6321090693145056
0.37740034486919893
0.886592892886302
0.03131280088321631
0.7177132038632663
0.4126594802361838
0.4008492926358521
0.34621300981353986
0.27829860893725444
0.8694832107733553
0.7313329890822706
0.29077947507274426
0.9006212086985932
0.25131541390302115
0.17087084243371542
0.9790527011985909
0.6187124930704292
0.6877719901847166
0.7633109754158066
0.37045739538354794
0.7182932071087982
0.5912539745318185
0.6015439495814419
0.4814427306120226
0.32991877948350057
0.26279420662420105
0.5754151619169192
0.3523865778833647
0.7700053163880467
0.325336891087738
0.15013176171579967
0.16907407384025752
0.18901247310911573
0.8811307880604627
0.4450672918395837
0.11471409870559524
0.34108900943076403
0.9001348962556499
0.48580329686303136
0.7880633741139171
0.009340947625768647
0.11616027368926196
0.3897446038625706
0.9167002686411848
0.7404422157958074
0.7359389883730301
0.7476091548468302
0.11587740102392696
0.6110903291601669
0.1803824039674996
0.6457386295431825
0.6497950159502618
0.9621101057976652
0.49129870315562985
0.48287059415903955
0.30333615147073845
0.31102764454509546
0.5752981465680767
0.05131035671682738
0.46422454902768584
0.4050532181750407
0.06163226411788991
0.42126167159131966
0.4266570566714111
0.5402511357032342
0.17617246317378343
0.8694239678156065
0.7718119430411907
0.11632173328468842
0.110673360601237
0.5492563223329714
0.8846419640764125
0.31751888201755685
0.3537905426319953
0.1358591897186382
0.8748823327197992
0.02141890621916398
0.9639191615596454
0.21868260282065588
0.443075108364674
0.28541053050026277
0.9963317355093174
0.6616336009108063
0.663967053056761
0.5965583786631083
0.26455595029853207
0.2705013027909343
0.7478988625258031
0.31076920278754006
0.27556844445076734
0.4842560989792031
0.9537014941528494
0.8154791074418127
0.8399358163822366
0.24104644822430343
0.19902124440765334
0.25710481633816396
0.8519694478795007
0.029082206668892385
0.44644678716307074
0.05822312163390719
0.905825232838391
0.6309827052048107
0.9493543326990952
0.6445036654361027
0.08363622360593881
0.654644022758521
0.638889002323988
0.44444789764847537
0.5297316452467824
0.19342979605898103
0.5700288955112435
0.13176546744295792
0.4094440743615301
0.06883504076244373
0.41712893387881433
0.08531176842686061
0.6507703354982475
0.686189063438578
0.7894842252580363
0.8618085886169062
0.5060359737995228
0.7007904497825582
0.11424132857175684
0.08355744351755878
0.5668613186551187
0.17419982964856828
0.5874701228665
0.7890474253501275
0.9961361159485234
0.34941355355792447
0.04885422265720185
0.3567755526683155
0.9423250858370222
0.7387264192188209
0.7904973230440231
0.9686550899691064
0.8742381141782943
0.23931830579297064
0.9938144573767731
0.3818731521472203
0.39387972190026843
0.5841605250413222
0.04516469032326276
0.9270198808800255
0.8801537675718117
0.8696866410206187
0.30641964216038053
0.04725865109518157
0.8704346050130558
0.9577087057574846
0.47728524309616904
0.555537812756865
0.7538326253055154
0.8172234229827379
0.9791363335953789
0.0032447728762631245
0.5355419310590761
0.8639706619086537
0.9983932213689107
0.8095242957156445
0.5284742843183943
0.013722431312007899
0.741295332262314
0.22392851828335858
0.8272543700741476
0.70629589955457
0.6095415168804686
0.3352931560906761
0.3663759630649841
0.19246717327641183
0.45259500209154646
0.13896180585567164
0.6436599227092273
0.8038239910005996
0.8763282548872162
0.056484863036542876
0.5058495183557407
0.3456299520561058
0.8332897034272089
0.7451723773273948
0.9490173161912325
0.76731282437605
0.27337848888698835
0.7006664750679589
0.9477014671148793
0.7885894348204749
0.0863611622540611
0.6365553598735181
0.5074356903957404
0.5815727196707765
0.3946073641119964
0.8038398510250554
0.35893095014682463
0.40482885356678755
0.16009697669663325
0.7859110972434084
0.5455494841405383
0.5963193576886312
0.8689660225011075
0.29370141577471576
0.5652173923876488
0.554663878347016
0.21525530905759593
0.7429398215151078
0.9460132993995067
0.7678056924511342
0.9467063751753508
0.6043340165069379
0.8143873786936323
0.24090271061539548
0.12625382519388706
0.1442106810508429
0.09211197345044353
0.9104896746825663
0.6733776680044499
0.4860073092156433
0.22379263648715564
0.48565309973106074
0.61305645723812
0.2546532467248962
0.3335065427534071
0.8477845983636805
0.011474246515309927
0.7731805930829373
0.28580509010133204
0.23655869167382448
0.04817697278170252
0.7759699474300723
0.3476450912139215
0.14515409793862433
0.680006540363614
0.2649900372685339
0.8459930253136024
0.7943568441295231
0.7928706090694392
0.262142963500663
0.9116687954127476
0.9562683127748791
0.34909777514005635
0.5893960565453301
0.06459299092768223
0.8052630270364577
0.7475213776387184
0.6848738065619724
0.29651346492606856
0.20711705408297099
0.3786541677848121
0.8028803323396104
0.18694912673988962
0.1597734626879358
0.8286763087170881
0.0009702674339577833
0.11487898884044523
0.49117608745070995
0.8461065225283679
0.5548625246392428
0.09611271715828462
0.9371643992526368
0.19608543544566515
0.3629478791933125
0.6513711194959526
0.3417027156985334
0.7134653829249963
0.14397735206840734
0.46118735243756614
0.1992622578332327
0.8575721335409994
0.9592827856979121
0.0314641845555238
0.45503177829995
0.21234599308583524
0.203611079199698
0.7250789618167638
0.38106378534289376
0.11796509998488391
0.6785422195967302
0.2623997229748687
0.15081204489038957
0.3836056255801874
0.28577048843620856
0.6246889629807274
0.557288887425495
0.17077160156785287
0.2111258988323711
0.6517130778918598
0.14542922838767824
0.8686279962862726
0.07113693077573646
0.9349132815430211
0.7926271627080054
0.44587512327358536
0.20001246288750119
0.0698536465674422
0.08713866101360279
0.4203216481464702
0.2779323675122475
0.22362657696904897
0.3891140041052259
0.34129744735467216
0.7614999073985809
0.6007539765651853
0.08160050410721986
0.11074638360487687
0.3853881199375281
0.15090701934616524
0.68818919719231
0.26481547944975137
0.1682653004542064
0.28362994599108027
0.2973377511920908
0.8569042473673533
0.8900767815396539
0.3097569016993226
0.2302115585267468
0.4874758835073184
0.3246015875573103
0.41610025714460164
0.10928976695795978
0.9701562515617348
0.6690162685560357
0.7200870556290965
0.8857992854783835
0.7706472231699308
0.475713234170131
0.17828957190926265
0.3240759303035877
0.1017795003261609
