0.3184400833500637
0.5008203023337227
0.01630498010775827
0.36269651333953234
0.3539299387292474
0.2900603038490859
0.5028616927467278
0.2011780229576967
0.5188270245846076
0.9003165038789018
0.4935625586386798
0.49603471413123634
0.39352814933703517
0.2276667783765055
0.474485152399613
0.18972918773911196
0.32356176402765446
0.2871254802780291
0.5087037719375995
0.01938316370826909
0.40899949845321437
0.3828891427319113
0.7929527458311473
0.41433163749071644
0.12226958166322044
0.14941296286572758
0.9021928960999094
0.9016039478928363
0.5631634487355024
0.12033786892480103
0.31112863824491166
0.06728340815930889
0.08369589935497734
0.24413177692549537
0.27288310690036577
0.31335208991991126
0.6532143382946364
0.7252016015133907
0.9049387583451797
0.9480635158283697
0.4250504926762587
0.07975605767642846
0.7259605063727075
0.3401262382414222
0.06063120460045235
0.924966422865174
0.5739194075722004
0.4364950092300196
0.8685565208505479
0.8558830806034942
0.568223752273018
0.6555775789329306
0.8385033701209172
0.14603154471344992
0.3664708124024132
0.13425564556285474
0.6556094110875987
0.0877483449585238
0.5301889323952558
0.9508369152296104
0.34090284768644474
0.9622887635228076
0.2654040907453281
0.17744436293358423
0.7014759251346415
0.3095309808606853
0.6620156400113133
0.2858096891525108
0.06672761682861794
0.22930688068920946
0.1409899213659821
0.9752937187511538
0.6837317398375881
0.4953759041833138
0.43496140136019257
0.06159477259606516
0.5522674976617855
0.8090524183651551
0.4509837681220955
0.6279587638504452
0.9889398056262202
0.10554820468048365
0.17635945285413412
0.8959046835207106
0.06252180859984491
0.7469608476285403
0.9657972962824625
0.30686265249694245
0.25263352838006603
0.9304887007213265
0.19419920501262367
0.6861550729730496
0.4597226209949772
0.22839526395748977
0.7197343950785748
0.40263922605289015
0.5609306440129673
0.08129896513730261
0.5078884458256885
0.9637604580393648
0.5354575248884819
0.21037014999865788
0.3689902588824332
0.7098902809422619
0.3967834737976357
0.9863136509884363
0.24103786805273308
0.03881289220953921
0.29085061054477224
0.9740141676168723
0.49092688060958345
0.5102914557858617
0.5123108008391578
0.993301615405846
0.2128785883227502
0.5698237332186756
0.9446719250212107
0.7153240911961146
0.019140182560084207
0.8218186779105396
0.6553094034912408
0.04938741723146478
0.3596221416331231
0.5198232599151278
0.8101709341697773
0.08196485718886948
0.05491645870457318
0.36483435318381996
0.5384076763275475
0.26138576782779366
0.7364043466372072
0.7592467057230518
0.730923367221304
0.40321992629199455
0.13502696850818274
0.2241423415434589
0.08674175219472458
0.30484880332965936
0.2131896376214577
0.40917197138641237
0.1538898535897445
0.5901464950728904
0.6841817916080115
0.580463888272868
0.9031390084353965
0.9784571701576968
0.9424007678073232
0.010476077892362268
0.21622304088798228
0.7849142917964295
0.12545349278051277
0.18026007246124198
0.1387425407964762
0.5045911007758348
0.26521675076578455
0.8011792037342783
0.8360900725304815
0.44040037678126653
0.49492563200007156
0.4996479692223723
0.16236216116291968
0.9838080361130761
0.7589469102519454
0.45405069576624024
0.2537721432585406
0.8230814799836269
0.4373167040512629
0.8472933807878126
0.5309896447526276
0.1288225115205005
0.2869260322836674
0.8570055009836327
0.8605750347954081
0.4174406176570542
0.9509144818582563
0.3091542511627722
0.06559998423097291
0.825504573740248
0.08174559368495626
0.4896727127090764
0.08956654352469862
0.01912647065533324
0.06418023342202206
0.3559316939126582
0.7477740730743939
0.3699765972793473
0.3273328075588371
0.19475937007649724
0.042555373243264416
0.34674155072218926
0.2343611358157317
0.7749991249092864
0.5890770950146434
0.3520091588361248
0.8306740621769445
0.3702703687143296
0.6300819998088507
0.8675572349272809
0.6956180523476876
0.10311183989402684
0.0959280631278231
0.17202079311087237
0.5332028428735951
0.10811692826970709
0.7507524028550944
0.3247084783565797
0.0535763199722038
0.1786981646643463
0.29027038476688893
0.8101414837029572
0.37924131421141904
0.6620964767045637
0.2601696116158595
0.9267871370107882
0.05931261836235824
0.6953815654871472
0.4746208323985114
0.43377077306471834
0.28620329477193485
0.4478154108964365
0.2809949487067056
0.3815975272930541
0.14930697462812237
0.21849023816712032
0.5566619814924854
0.5391332081307247
0.17560562728014395
0.9365948750799983
0.5892154982378537
0.4087782850535302
0.6275149955852342
0.510528129161848
0.28824360233690993
0.2403322220416697
0.603061471881756
0.3645325530608071
0.40868379035554225
0.9018254169474624
0.6171128993624141
0.2711904974829883
0.228801145756927
0.7280112098215983
0.0997480397842252
0.6488190561684627
0.2635331557783448
0.6933386367264962
0.30551733139814563
0.8416134722087638
0.9412970574524993
0.5720945966022606
0.5927527239339087
0.37432009527971966
0.014716492842835605
0.759909012497507
0.12456601663855849
0.22774892807457847
0.35768325040366045
0.16078874461497883
0.5908698860153914
0.9592222538435169
0.758506310173326
0.8750993109363192
0.27956664110496965
0.22291034436812196
0.11465044796147583
0.9726986471576162
0.7087295581085943
0.24559564201898432
0.4323121561152835
0.3371787150314932
0.6890281465186839
0.3008904623956091
0.025093561957070243
0.5113562792359068
0.2645618962344164
0.5243266204957652
0.606958054852019
0.7652976915640238
0.7331148180751035
0.01293103146675767
0.8304846896495192
0.38152488732026923
0.6448544627261744
0.33304232059148575
0.4069046448180387
0.5649531140204767
0.8144202931451244
0.854437622639274
0.6077513121365102
0.43047259579487285
0.28421260713439633
0.4704227384252172
0.7330873928364438
0.16109626301435154
0.9923583224616971
0.39908605904234307
0.4787897769455519
0.026715629950141317
0.08976871977611056
0.6071667167771375
0.17296138038629794
0.241032202762955
0.4131867597341634
0.28710552133098854
0.8176062857051623
0.4782239456551596
0.7924581136932275
0.20518766933846155
0.014376920386022896
0.20283836908116382
0.35442829333858406
0.8007360992509645
0.6842305327680004
0.39185474804179676
0.791512068598706
0.3128728987963807
0.3296632474939495
0.8342299169471779
0.28908335541328356
0.817218264795533
0.8079832496781624
0.5296301943072825
0.7898549469628408
0.3894614523205021
0.3055257687980033
0.8320881739035835
0.9065432755073197
0.42649039040179404
0.21147369868618038
0.8980508174713046
0.7380176467996115
0.7251980503326109
0.02953671799979407
0.23583754987661099
0.30956192418396056
0.024572006571854765
0.8031532355971451
0.2790512271548484
0.2655991832487885
0.5320764028304916
0.27289784466268097
0.7981268934273302
0.304366331604899
0.11552322907166834
0.9300260828840119
0.14829335012222677
0.520652149332717
0.3800578953691708
0.8273421829388599
0.6588800589376623
0.016450575596407502
0.9365900371173879
0.5161812812252148
0.49397693046196867
0.6762117649723571
0.4179522747343405
0.3180768134569366
0.8093738991746456
0.32584532024651836
0.43262992757345087
0.5458292387010129
0.15872439540956917
0.19167430384398743
0.023957497945291006
0.05242950298620652
0.8317093574617319
0.7941639186613543
0.357072618063751
0.639965811637265
0.5357108875970505
0.27263140941435327
0.22205174602956834
0.7082778824537294
0.6141600266967111
0.5134137652813344
0.7981611039591873
0.6773003989848458
0.5333792277178704
0.6241238686930372
0.3827696370024808
0.8986978663113834
0.23035991977971493
0.8532259514683626
0.03171802081506625
0.6182725716891132
0.7613018582867958
0.30705673634370534
0.14779809645552244
0.7442603264282418
0.12107188142665226
0.5515399011378702
0.9825824031969125
0.8998211305190086
0.1679421935413301
0.6062548564152406
0.2671019264299811
0.34386303665327556
0.6168542205889584
0.5838274965048477
0.5738858048656255
0.06503185018166335
0.7573745421185805
0.5850031237669747
0.39549744541578813
0.376059632283241
0.2648443473631925
0.33423552359455067
0.8607887185283777
0.1368688035030159
0.6423497814558499
0.8020658722810551
0.8496416895770919
0.9221961087809951
0.05181968201303189
0.961130252059716
0.346010543053481
0.8932481179531507
0.6462860599639649
0.782722220854687
0.2190790815186877
0.43566911667761077
0.8565588276895637
0.29452244972768116
0.15456248069816947
0.5124983088268653
0.44308342120908784
0.575867005768595
0.9767683408842619
0.5454985611296885
0.5778483587539992
0.9193881167651485
0.15541190280177075
0.6417669909944438
0.46353164301675387
0.1671183684106481
0.9793434029516866
0.824636007207919
0.19964300901090415
0.40751245228259914
0.019537163848571293
0.24525714245694397
0.7292753866045063
0.16273053236293367
0.8228703698841673
0.40926561256967986
0.09214944098052447
0.1801034554153772
0.5349264155355237
0.6260466197855544
0.46099245895253194
0.5804862734598314
0.7846954167835004
0.33535275046370816
0.8060053779812338
0.797244056923529
0.41690550028905327
0.5754548530411933
0.8959027665078143
0.033945026791416866
0.8660987207764391
0.8436946401136097
0.8862891996796594
0.09723887555106403
0.6930501495525241
0.5767554135383871
0.2173989977193307
0.312349634851554
0.24803343545456602
0.26488593463622756
0.510415392218381
0.5829215814935277
0.8342408766941729
0.8402041645409831
0.6137924645349384
0.3568153747382923
0.8828281502932239
0.558651400255053
0.7085251429811396
0.5333486324991498
0.8301829829877292
0.9493311736431491
0.196731252816698
0.3776969638143963
0.980855285898131
0.04823648565915495
0.7072509262402867
0.6881040649270543
0.8497248790386908
0.24007555946428472
0.7680823772275167
0.8451908499628603
0.7140001227012859
0.3546478418776243
0.8641522150728211
0.3277030364815766
0.8179187049212273
0.0391338274788382
0.8612926762761747
0.6523114374720523
0.03459687727652161
0.8340931467861002
0.013373240663095198
0.6373119766880515
0.5810303369054924
0.11868905755152881
0.13422221051853178
0.7560184143612337
0.15699238242591618
0.30827324255721467
0.06390278180159015
0.7232716053900223
0.6154545830262905
0.6408907390882298
0.40352956377743876
0.558703592328585
0.8374289053481563
0.6065428804888027
0.17376850599318516
0.9240926634801612
0.28732395265818844
0.5092611002906234
0.47782435573394044
0.18456431750040492
0.735293698651911
0.8308181612340874
0.27817465715976897
0.49215785322880345
0.8336502548814024
0.8000698381493698
0.7976656102883144
0.7300327547262085
0.7409701966404005
0.06068454776794108
0.8599374554411762
0.3877227508528184
0.1590333943776141
0.5204536671771055
0.8544461052127769
0.06421754707766147
0.1713095692509231
0.6469238098959254
0.03071973909318515
0.16977469603045547
0.35703176902309997
0.20529119298474752
0.10048701242239477
0.9122903724081916
0.48676573773153553
0.5322172650293191
0.2668162554236233
0.1284823665822148
0.19179350006767482
0.10488274950224985
0.6942271438679873
0.5979521218766489
0.1575732608305157
0.4617125751319623
0.39504694505499194
0.20767559562889693
0.39895187781885455
0.6566227138678837
0.03130755861142498
0.4210844017653488
0.09099712053853581
0.4187282815606973
0.09280318713069935
0.7264158286283856
0.06417016548185783
0.024299713067255313
0.17368631996183537
0.42279847410187865
0.6302204181497737
0.7620332587112908
0.9463972021414341
0.3382166129870806
0.6184546570553617
0.3890359043735432
0.8728282492154545
0.28262500634241106
0.4922200909021931
0.27140917334124415
0.33412171304979377
0.014448847998941305
0.8452191293779902
0.76128500536683
0.3306506851294817
0.1186824100123911
0.7074984843252976
0.014962658791141448
0.0564844745463049
0.9440201376434882
0.8024057474956461
0.14602865656335073
0.6165829010330657
0.3266988513817516
0.43563435665423766
0.7607493652381087
0.7940277678020836
0.959844998660799
0.5527468748090185
0.29550945237404547
0.33334841423705586
0.7872751417098376
0.9694311088646698
0.7870198548649301
0.26090258615596185
0.6569360307761751
0.15921720426663888
0.9106558608518386
0.1431193836188135
0.4359049936804711
0.5993171965700279
0.26315874234766967
0.49604838118010974
0.5553543204654275
0.013705275872422873
0.422225697179885
0.9029230823478
0.7188932145863697
0.7445253766008731
0.5523510301115334
0.6674299027988646
0.14001290320880921
0.5283055024261446
0.441867742072656
0.5647485369252125
0.4715449972389272
0.9508604001286665
0.5389222769671637
0.5234713015089099
0.4833390181135093
0.5821861461169764
0.4077684091830136
0.3709599618393119
0.11575470690687462
0.6922262169186825
0.7617281777510223
0.6893542713363764
0.3714328048286376
0.09850323097537883
0.8128001543892783
0.4139570181602913
0.16942901637563568
0.7709413341961502
0.2831802296441498
0.6627474883330543
0.841275451095618
0.7848725435933783
0.02165061842005611
0.6319067094840075
0.06655534584865119
0.9180657510490556
0.16242883073503145
0.9130109106447014
0.508276991537287
0.21865280991344105
0.1574133131298352
0.825904105369738
0.11613396374337004
0.9485173848548293
0.874265664550106
0.9150274391457772
0.8444396933194773
0.2540275674842323
0.7142341283309881
0.5901549215602555
0.5447578379794356
0.03475212010955597
0.538749164961513
0.26889262548663595
0.9123375589333182
0.46942315506872045
0.9991781909618797
0.9120101489514755
0.8698090689564962
0.8494390624380165
0.7053520059256458
0.04054752126405392
0.9344706775476013
0.663827378942057
0.7424530112830082
0.13595603843332182
0.3407717327646289
0.2265695550229886
0.7302795173785558
0.11420729788343587
0.5169121649885297
0.642661138848256
0.4177880065923113
0.10979461915950661
0.23276843974372508
0.9675017332387046
0.4736523203016063
0.12456702144111453
0.2930750723890515
0.6444721420259637
0.3620004277325639
0.22409628977286622
0.8202998129054229
0.009238674538025737
0.5199024229938135
0.3095877903967823
0.8817731720096001
0.40863765003743924
0.9399745853857618
0.6644359503805847
0.8240939660970901
0.8150864958198333
0.38969527999812303
0.626149186604477
0.7705825602267509
0.2991567275250643
0.27371041392137496
0.05825767946329752
0.44737660961329395
0.37585559289764026
0.23204654362508792
0.7331331883398206
0.12680440817684435
0.892552128954143
0.44797511474919505
0.9344597587658856
0.08920632720997312
0.8206656173743782
0.6474500138621978
0.5931354646570703
0.813849640423358
0.7485900345316068
0.2872641644968319
0.1429579271958339
0.8758548934229478
0.9666606125487283
0.8867245558815869
0.023267033231932466
0.19581803794864971
0.632231750920196
0.6359380889891645
0.8659793316650886
0.9327295776716582
0.9344170456219583
0.015391696147544431
0.2935075676633593
0.4724347583327597
0.13393871739134855
0.06608196851841919
0.2846668768135846
0.7103710207932877
0.8437030501600707
0.6229891526103163
0.8976161062483773
0.8099408140962762
0.9560529899613204
0.44813850253747856
0.2065070296079381
0.3185428133950542
0.9529013928911428
0.1626238996734619
0.8825561324393422
0.27223682654475334
0.6655929773726121
0.2762261237270437
0.5263025902553747
0.2812834020924705
0.9222372938868239
0.021070986778593204
0.18055222261133963
0.7841693193233207
0.09960155758185774
0.9415633021029736
0.3128442526551849
0.11685997793599179
0.6369638956820081
0.637365569866639
0.07627630069090174
0.6257699845210902
0.06324252072270342
0.5481497291582894
0.714913935548102
0.5996223610258671
0.9778867832757242
0.3520148621673189
0.4243510894513388
0.6075850262049775
0.5654311396860149
0.7562561783412973
0.7656864402578194
0.18778702746613118
0.15042150676775579
0.5198588816998373
0.5851921447504547
0.46954417591781616
0.8508767871391075
0.1478403416245081
0.811783853481905
0.9455445260115968
0.9117945960167908
0.19320244402145037
0.03372735925195447
0.3850132714576444
0.19135644335411128
0.04725962570726494
0.18019160135903078
0.9622588498968159
0.5139401166976666
0.8966510105596798
0.7221259110271409
0.8304030971330546
0.43044028977433935
0.17668412382477572
0.6749314253796698
0.39716415735832866
0.2816015988524784
0.15056648206439904
0.7143753669415629
0.05437008928199638
0.046458614291961076
0.08063900848494454
0.8723163477157088
0.5126490810573253
0.7418906701707556
0.10474533804134056
0.8057658360482288
0.9771300916039602
0.024992657165061383
0.005935171228419467
0.5944104742840027
0.09009242944719609
0.9264330100613247
0.781379056895303
0.3444086372514299
0.0476239075776963
0.5881153002561184
0.2148455018500215
0.5321132265152377
0.3109851868127663
0.8821360970506559
0.08338676480984553
0.8893786833196042
0.7298312075700879
0.8636679044487139
0.19361046617396083
0.1272603932548223
0.3683264139992716
0.9353804877310423
0.5898358405104595
0.669324630672625
0.2532040606628826
0.13368242032564082
0.31001857530346766
0.12708963672001694
0.481927122306256
0.36817266040436836
0.7135848606077877
0.13712426165995695
0.3108903685827026
0.7866135981523926
0.18087071497496543
0.9153970750847343
0.5530074976227911
0.3155319049574754
0.4006985221532209
0.7926930905112068
0.9599040725190254
0.8478466303082933
0.1519638547315848
0.19940872219912342
0.7527532694775844
0.38128566191637947
0.3697125671376045
0.8661616156521252
0.1007901666455463
0.8546049286719473
0.9638480306523413
0.7857350703797445
0.03824764542625203
0.3434505729877879
0.43730263938635217
0.6873594893264361
0.6151077988145319
0.6659253186229757
0.4646977776009491
0.20635345229438629
0.17261135487084167
0.9569754729263609
0.49771822315560055
0.9203222334836251
0.5093483803575826
0.13898969658908933
0.5410661685398289
0.354881611575641
0.01400951245419435
0.5002254226249959
0.9412188513185712
0.20837208585858458
0.20407231485910704
0.1967725721421687
0.48995103415913743
0.11284347617000534
0.4387408281922017
0.29889281113138344
0.3137205273449598
0.9198664161297367
0.06712155459063829
0.2630340972252214
0.8489275755222809
0.5096849646310874
0.32666323715104884
0.8948109693611935
0.26417360097269493
0.423889134604472
0.37027931545081405
0.7651587696939269
0.6022343596218789
0.20978443064744745
0.0023029748925713633
0.9307936471435311
0.5872847512048759
0.8792968173969294
0.07515600906234432
0.1645416846131268
0.18721630718519855
0.5101941731344386
0.5347618152600038
0.833182329347213
0.7428586392320532
0.14477508723447752
0.6286654670489463
0.8628865577838595
0.6304698818087863
0.5140992214162032
0.8663272423050857
0.6198763063084518
0.734915223845591
0.6656454667112861
0.5540329903851541
0.9403734330710263
0.6651947037806007
0.338461773364369
0.8573331361136032
0.346223654170153
0.018522765691650456
0.060876721769893116
0.2601396353503157
0.8667294141491868
0.7326348369494989
0.10993537977379797
0.8980438988183612
0.8365199155608556
0.2904288670733718
0.041426155815036614
0.5715176194341935
0.1987825831535649
0.0011890550500830432
0.927243489582348
0.4179542547179754
0.21168679041327898
0.22112735853186472
0.264487973915689
0.11924578406474706
0.5137278003497265
0.8840616697706151
0.8611806224328157
0.5490300282252427
0.9065654225060698
0.9959335810132857
0.5154902128119125
0.8583260052012821
0.2603034758179863
0.1276500675636374
0.9714863954369052
0.9873497652531783
0.46387970766286
0.38568325034065365
0.29267651907228764
0.15300025297966302
0.6519539618062908
0.44072343845867945
0.3698333489700055
0.29143124547785004
0.23106377079994478
0.3188014927523902
0.6067787350780421
0.5226930051520191
0.37027594455300306
0.5804963630126119
0.7908797010763675
0.0722272773078203
0.5881650110678843
0.4465645967526196
0.3501201997891925
0.7333437893586153
0.7252724111732924
0.9882751216965213
0.5463653696228388
0.03629135287220231
0.9859577704794195
0.48202878387753245
0.8546902651975772
0.26903360598224113
0.1852249182290986
0.9034551218929239
0.6178983640518496
0.36813646496200103
0.41853910953487417
0.38018540585776484
0.8105559485856558
0.44338750002910543
0.5510997441728063
0.3711072086538262
0.5731772309615624
0.6313402790522499
0.6619787766696209
0.1200525486963685
0.6862565323493696
0.7452523523577925
0.5847104882441309
0.950498648189483
0.8271880233915766
0.7870711285594774
0.6788051960549066
0.266722751633661
0.1377517913607591
0.9878541731001007
0.02178963855728877
0.6061777775080069
0.7189862345407397
0.6275957138267824
0.6079524649742829
0.32222360638778336
0.988355373150914
0.10316988075071576
0.7335566316934232
0.747073137377221
0.09735475520751502
0.4105661136413321
0.0616679341272931
0.540127247266961
0.8269854296244745
0.042377709468915836
0.738496321073866
0.8368154165447342
0.08540265042572004
0.22153540212950318
0.9392878428237827
0.46637637587057634
0.8376476574829145
0.49499108566184735
0.34655446813989577
0.8075957290445138
0.6883452483713849
0.11779645939885575
0.8766539087726062
0.1950892270526723
0.13061159634298147
0.08224611984284835
0.24217123365103277
0.6973052507054963
0.24617438239146738
0.062229495439105165
0.41008112605126856
0.5100132062754011
0.20741819864627153
0.6035648487743449
0.22737264435651572
0.5401102841901434
0.9810909504794466
0.9921681597853098
0.3728867121245827
0.125312015564489
0.6377649259400016
0.47155807601449085
0.9291055218274781
0.14825571012783334
0.7036084066893652
0.3168102652081143
0.779901632043086
0.020212199171605105
0.011936683082343746
0.72606548059324
0.9385590156173772
0.8350617392554702
0.49453234264307233
0.13528496489408381
0.5926692292085134
0.26052309429983467
0.2506591780524019
0.7660510046925975
0.020976809149300335
0.34147777989788164
0.563320692159169
0.5880657340727168
0.7424663106167764
0.7057905269705476
0.8847372950721302
0.7971185892443164
0.8230002600619473
0.2134413461294703
0.7728997345489632
0.6156799563847748
0.7127699947263051
0.5114632880768742
0.6278924927256823
0.40155545375097046
0.608050200548416
0.2649841710437061
0.6090219656514598
0.2161394423968772
0.5479207944189182
0.9324569296947992
0.7645813373284098
0.502410452201878
0.5088643669353975
0.7248831120329655
0.2968421981094894
0.6199153361777305
0.9761734317628836
0.13204235635535067
0.57987595567442
0.4368015578254524
0.7621962691917552
0.6007161197984994
0.5772833499450101
0.2695075503594172
0.1045746601957982
0.992335852491579
0.66199583166499
0.7341279996037201
0.5040667168045961
0.6907360395069168
0.8118947150943999
0.79526724485257
0.7116037075991967
0.28918328136687044
0.2472669313736342
0.6557477191359681
0.3876522920820493
0.7652656477419738
0.4530470146507012
0.6840330823917382
0.815786131118861
0.38929238913776576
0.02359353449755841
0.3401164604386292
0.9427373328084747
0.6968332482235617
0.47355822009496207
0.7786537778842245
0.355608983386139
0.33881276059962273
0.06990839978770869
0.4706201224559817
0.5282855455876193
0.06258484717870039
0.5796952271605522
0.6300617347030963
0.8404754628928435
0.421605534479885
0.083026977152579
0.2517097346923619
0.198086936132284
0.1203558325745967
0.680445792789127
0.8728286774281258
0.4314187135097981
0.7888225949996708
0.3817979057660419
0.7537828548515578
0.3317161423822482
0.9542897256086933
0.16548467463803973
0.2150533187667707
0.8933470828973903
0.7024325652926788
0.71022297476656
0.8168594651389631
0.2583498106257829
0.9457689302468405
0.7095554320638469
0.19169667471400198
0.4412123669801469
0.20005804360604507
0.16174873435270076
0.7459531932255149
0.004375939244343319
0.6991443667375035
0.41284836531839986
0.7421617347362267
0.665452981961802
0.13535315201332732
0.6984512714163625
0.09243961809823209
0.1638577011381045
0.1810635973312299
0.5388053484342005
0.7287148335940418
0.7780072731082692
0.37923025605356697
0.45300087150784063
0.03497420718265698
0.02304177961457099
0.627778183455339
0.6575990659522611
0.41326963112476045
0.7507420798416273
0.8309525055700855
0.8349782741618805
0.7758642772939285
0.909899099824069
0.239536413386909
0.6166970711911051
0.655874327560714
0.81982107178209
0.4404377516477306
0.38633561709595254
0.0632977874647449
0.5284977488085394
0.22433763520208394
0.8423284475735208
0.10008987767030453
0.9896322071055984
0.1590995027326665
0.13045410384943434
0.2878174203071443
0.11573793984296787
0.6831952091647997
0.9732661836849338
0.08464571492193795
0.005973666598277916
0.1322147149963564
0.90468968283992
0.8218120810144893
0.05944394320362756
0.4163964342695696
0.23144639462775374
0.663080565066867
0.36237580891243826
0.7638080801948313
0.876403681647564
0.18867264093100566
0.6272599414608383
0.4764258050429464
0.238558925821722
0.6254351521352115
0.45689685431793947
0.23737083634207046
0.42092452309379425
0.08345063119099594
0.5338023932017212
0.8164721268271018
0.5409321021126969
0.16288196871702498
0.22320843016967185
0.565356203643715
0.3289165940675708
0.4050961614752201
0.7798683001950529
0.6129809107910043
0.3793686717790241
0.3242576509462387
0.8363703217868736
0.29810799390500087
0.0045632563601277765
0.778250898153726
0.1879624189280198
0.9134302874481476
0.6012883112818813
0.24175458486197987
0.7998466695491944
0.48853080934277515
0.9679336639746456
0.7325852959353811
0.3434387939627572
0.26485912605143513
0.7656353830205024
0.13019342993952943
0.7330847954340065
0.033990496362203415
0.23498089224333907
0.7053767615863719
0.7234114015421707
0.657641548073511
0.46115330893590956
0.9907459756762108
0.9291031434092861
0.5970525290712513
0.08676277726003512
0.11126276009841851
0.7119471232988234
0.3852047659284591
0.46883120826707037
0.7890292184967854
0.39091287757320625
0.3486538778070032
0.8449033545695736
0.6498437024276107
0.12706580117341815
0.23987892909474706
0.1325437429292483
0.32570690606230146
0.17415189500816308
0.6415736241992213
0.18493093615108802
0.9491654723385247
0.1374538425059154
0.13368368452863655
0.6654472971297758
0.8255225807555765
0.28570663654072925
0.03836574885254962
0.03265047028512791
0.2021726824125345
0.8380560056148799
0.12947528045289503
0.25443120807635244
0.7163660824992911
0.2955256867641165
0.14386440879510454
0.10679128183165121
0.9860351473889433
0.67705756826508
0.2662022576380414
0.7186382127528793
0.8802747716135211
0.16788639142036166
0.28128639451734516
0.5456062190731036
0.608795663650797
0.5291498682721542
0.585514825416234
0.20515410490937336
0.20883553784712883
0.03658090863902197
0.6455703945633912
0.1672058294402795
0.7193943250786938
0.8853850251072204
0.30133849766493304
0.4978312521668725
0.24026877761219634
0.8925044375864327
0.4147669841071294
0.7912301991617422
0.1338950407695788
0.7936845286890994
0.6869505634427017
0.9330116395771476
0.4703313521268926
0.3743473357776318
0.9734297420111832
0.29602255605064
0.020623461592934045
0.6813882086908707
0.5730054091819462
0.9222269358879238
0.05274793545585521
0.9338625460031262
0.7967099492042311
0.8376687538210418
0.39061339041607945
0.4198054506305767
0.6047241453811455
0.6234334621174458
0.7435370833613696
0.5946394542559041
0.8101777788400654
0.44775379137986693
0.5231702249041583
0.8916156159275708
0.48672224346177695
0.9818163695196679
0.4529985763808475
0.6195219285542475
0.2358599116089577
0.6198048653616224
0.801046403492375
0.29278890308967764
0.3436888351466505
0.004510368380379215
0.46106834875302793
0.48205393424864085
0.3876076352118788
0.42804456536951796
0.8435737015687574
0.5451362293879597
0.16746800527574024
0.9660712534032292
0.06512718000351436
0.952472392045438
0.20211395236529484
0.39469577516335075
0.9391365318325134
0.09723930582096507
0.23303081302816941
0.7083398387092534
0.6263146253775712
0.6564031802333007
0.24847457281492735
0.9018182405549632
0.26101148629802073
0.7684920293086923
0.047645028449874505
0.04173853276333195
0.07398263351972412
0.16908551337313005
0.4108239858516114
0.8290154069932446
0.9226071724618556
0.12790743650475123
0.6458922427092572
0.02813112416344843
0.5001970963097816
0.5334035843035222
0.7070696053353285
0.35617302705252785
0.6437893524728977
0.9931843481405567
0.4517033072789747
0.07946848457026834
0.9268441974840756
0.05281127680713982
0.6933541706280233
0.6858337767074041
0.35693709142332164
0.34497025341345033
0.8345708072596904
0.11742777058406795
0.6663368305343242
0.43677909580273033
0.6560154419997367
0.2552463483739381
0.14865681104056172
0.5439166323387118
0.16273946598784017
0.09748219529350399
0.19236083190746478
0.6569331600467216
0.42437978677327415
0.12712555918930113
0.05050314180010551
0.6053964800481141
0.7318001784580684
0.33340270926943627
0.057272370885151136
0.7015759770361197
0.31151205815744376
0.22613734607995006
0.6604192260848027
0.9571904456815293
0.1654994357281241
0.6739250074998897
0.18111318088025108
0.7848196073062124
0.31157085217046476
0.7856177854236011
0.7130238474876399
0.2525266593225619
0.7732519625452167
0.22144468807553996
0.0008742250894671066
0.3873833557514932
0.6431422958439859
0.16124501803943936
0.8067629180846713
0.8067893860263433
0.6658628266784813
0.2505172558245262
0.4503471747589286
0.8291623482584479
0.6546386423816822
0.08472086628570608
0.12008201042579192
0.5417009740609677
0.7803760676323315
0.21203956228783505
0.3984117652723095
0.36922753592593205
0.7019520802054809
0.047837069942884725
0.1852657937851716
0.5689051024309221
0.907655578078147
0.9641144791528558
0.037456304871991586
0.9089670017248314
0.9916998189190618
0.5449816105575653
0.5208182591661767
0.6192618571199229
0.45634926497098327
0.12936943519362432
0.32568604388091393
0.19196627966899915
0.0691430080069404
0.1511686498394308
0.8564993797408378
0.9067814309579635
0.4866417658997807
0.24434878967454543
0.9043875584425467
0.03290621411541672
0.45982956819572696
0.9293607627937972
0.6092791209406856
0.9961071745853526
0.5690186392937879
0.9399801567572615
0.7921733875888168
0.5120731624763037
0.019797765474587448
0.5581314930488719
0.08140492083066164
0.8715819353414472
0.7128831139111365
0.041457830888831815
0.375632417849604
0.8257540747010637
0.31250592052924253
0.7222194380952781
0.6552929784281217
0.3755912102008603
0.15123185373531023
0.30250706610550626
0.3869076933241423
0.9840303806645428
0.49385657990734444
0.5699136218889559
0.09759374458993919
0.07664595571505484
0.05639655699638846
0.7344716712375275
0.7681707475714377
0.40515084097105103
0.36586553819617296
0.9594357601668954
0.2106938043373221
0.4992997290068204
0.4577645056203028
0.5321708633679284
0.8491823814410246
0.4044243893421735
0.09531536983789912
0.31690978603801423
0.7510969839616775
0.058358980282242956
0.5083738537635967
0.27517669054646765
0.4048017511512586
0.8702243249851694
0.03401444928869524
0.7165182995674705
0.6834893520329894
0.8635487837129555
0.28425188334997864
0.018627498633663753
0.6011433603760654
0.8706525325456371
0.5343115929753308
0.2989686889199029
0.6513165301710933
0.5170722860643054
0.8392560115687342
0.8638150783038934
0.9152962878377272
0.6262331251231863
0.11850698513960634
0.20940656848982275
0.36674845498259856
0.1447384893747906
0.9142722611999963
0.15628657394771828
0.03717519936443614
0.9502952454544538
0.8908037209698693
0.7523671871839015
0.40180104864188226
0.8055430555044621
0.6435617270477928
0.023323538510264363
0.9123783876323046
0.9420107112005782
0.11889982010769817
0.07419230545652711
0.9862588268334808
0.11524932281187261
0.9544206966838857
0.06730107627368753
0.7664965793255865
0.8955315493430179
0.4965703025350635
0.3704657520298211
0.44980938442133767
0.8109015497468783
0.1800829825368323
0.6158653057054617
0.2970038056842441
0.08429478594666173
0.4887048651045267
0.7604041257984382
0.40634546162522844
0.6047548576242104
0.36287540399071794
0.5860583010995671
0.5607140949369894
0.38425476897986455
0.8394057208351549
0.8119006815954841
0.1700704515094047
0.9656367869596795
0.4955491304428291
0.6386220788255287
0.2689939271790258
0.39919214903968847
0.543697102309906
0.3182554187962827
0.9318945832922703
0.886323963293167
0.7196547395645804
0.6387643754792989
0.9173266226523475
0.9143487565497733
0.9292208292518257
0.5712541133139314
0.8883419920849273
0.5017642363442845
0.6578818896762857
0.029064099973297286
0.11258319958163054
0.8600347291515109
0.24960056005658648
0.8006867462520021
0.14534778005718152
0.684613489175396
0.7528980561367851
0.8989421374504243
0.6983669337453796
0.8758016336131133
0.8127192588503531
0.6371082981538079
0.7606856370197297
0.04004818101251195
0.08590429922422937
0.8505735023199222
0.42418167321926326
0.00390816557021656
0.8156673980483654
0.9664914196860115
0.10764434670951295
0.14004661224445747
0.3310201852700084
0.44017337309036897
0.059243185415305155
0.6610516934116022
0.9010004226107665
0.23724590493929676
0.19432899650811875
0.5354147324330618
0.6356544437577851
0.9577649679228002
0.16099085057702078
0.7054383471993552
0.013897614978065409
0.8507712726250705
0.5719545487994288
0.8968033132597099
0.07779526963444983
0.29581646650612803
0.1370414807802277
0.9702457743511816
0.8294733721290577
0.9184298096160373
0.32466388522059353
0.4959981804438871
0.7511572850927104
0.3307183407383514
0.47234871703017
0.27927277946886997
0.45523859508941833
0.07640821147145682
0.29881595369637204
0.2749246428150398
0.16135799068647694
0.9240745848611913
0.7807409529490178
0.09521772978193022
0.8571155628678636
0.5954498307462939
0.247105097441349
0.7544262466711564
0.36179634235353575
0.9482911993290173
0.8368840073015389
0.46726770293478903
0.8754791581136662
0.2751867301537605
0.04464540850340459
0.5192634594872256
0.49901176137288294
0.4118912524057873
0.8667006323634631
0.11368046585771907
0.021586484217023694
0.6175676248811228
0.6305974522732203
0.20386358065110488
0.06821677638920332
0.18809157354091965
0.974004140102024
0.6614947106313178
0.17308997994831277
0.938640163655899
0.7200567439039848
0.6399700608356081
0.6942996692070326
0.1696611829367204
0.9065571221016956
0.2160480566694668
0.05054242082143812
0.9629286373508084
0.5699546061232293
0.800761344283475
0.4346622243280259
0.22321277857087218
0.20033510195135806
0.5757085574121571
0.337953222084151
0.4092190365938836
0.8061543137200956
0.35615096312237904
0.10179988749994395
0.6684616330716533
0.034263091405563606
0.6936525868358251
0.055559108369087284
0.14779185550541662
0.4888097661802765
0.8703862083382208
0.1007493057159704
0.3507004324833053
0.643372297760516
0.5093569120228186
0.12088876158387996
0.5135626710287883
0.8510491774569321
0.26567460937708054
0.33814361532551795
0.3461094465543594
0.16919275468441874
0.8454893305324644
0.9064498151275503
0.07321629517754646
0.05970232191344205
0.16936824467128186
0.4546682206071839
0.10384121625154141
0.9753549734129718
0.39223464213746895
0.8699448195399533
0.8803156312648027
0.8194860318213041
0.5927454235487661
0.04734057659619184
0.8844189260949663
0.8190719627437122
0.48368398033655935
0.5369390775631555
0.7126573069082663
0.5334455655186908
0.6514600435159015
0.8726206719336439
0.756924311933658
0.6544405005517971
0.30703995683379504
0.45847854842426905
0.08618816124452033
0.904582505688581
0.21703394948659516
0.11950912426969595
0.3444045165669003
0.811521027288402
0.1634201697043044
0.3718771359398563
0.33196128083049925
0.28700806814021373
0.9687732617995237
0.5335904471214133
0.10993469063037564
0.2672524676508481
0.546015939178236
0.3518138882095948
0.04865767774637764
0.9491020045697878
0.836770241582544
0.7651756035413918
0.4797827621693276
0.0470598683145419
0.5929109693597678
0.5812609394747869
0.9491436838613264
0.3873157542722784
0.8945092290503697
0.7560259750410816
0.3770785176756406
0.5295944873148662
0.554339508646644
0.9296366268635622
0.4273145080434011
0.36164157904349226
0.7462817535721384
0.6233286918278732
0.39483709284738433
0.5839959706212329
0.7449469235820536
0.6218745981903928
0.9851005573925946
0.9816114723021524
0.821228122762555
0.9892386180508768
0.7708783418662153
0.8485168920982932
0.2814670958403178
0.8045645758853469
0.41379775260939144
0.18461288522086916
0.4728279817441442
0.4826300706552763
0.15672309435262255
0.6135340169951792
0.9083916951567982
0.5975682536902842
0.11041299682435313
0.00991190286322452
0.009578208752245354
0.18815931565182875
0.8376431476434927
0.48937450250217085
0.01952714016553936
0.23328378528231963
0.9189750514725119
0.06427945366325516
0.22985975591777563
0.09728653737109694
0.056951257131532707
0.27723158446898266
0.35022381697684335
0.4413253911048174
0.850837318423848
0.8263169369022629
0.05517537585042154
0.18300237109870532
0.788443670787799
0.017892936848099117
0.7249197507733772
0.37711373367292034
0.6228782799438047
0.5732162760547524
0.8872990520437319
0.7621241396557373
0.43632119092872856
0.830341208356575
0.3427415333780023
0.398888505037194
0.49628735830697757
0.76086935454191
0.5992900212591729
0.5923313422592614
0.05795470008029979
0.40713600510926407
0.9184337168896919
0.35409155562619676
0.4741193278149123
0.41061350407276476
0.9400714215108464
0.45710745079213544
0.05843926084692641
0.8012302681006614
0.44567820012858494
0.5575134224189152
0.7284727313819934
0.8671565788364498
0.9004896504065423
0.7359126350460946
0.03928642187327824
0.7696408560174637
0.3968799822237299
0.40217568760185374
0.16191746574492916
0.25164763211085284
0.11476771209365377
0.24673536275402985
0.42594582250326707
0.08035576884408635
0.30377892352590163
0.9698094687204178
0.3621599883793135
0.05815261749289602
0.8033480546357155
0.9828499770403373
0.7570651000478825
0.0829264082709702
0.21905667944656115
0.8177289669855787
0.48485767235521693
0.6261602129246515
0.7050544625420107
0.7437415159769066
0.6794348265023755
0.2800453581194342
0.5041690773183736
0.9600897975711903
0.022379485771034546
0.9463479732299167
0.9173141119779762
0.34757291599444695
0.8590778877437114
0.7639350592627396
0.2875157319903039
0.49071731901567583
0.6590158806958849
0.5428488877894521
0.31363938050342266
0.8646669813827165
0.6287838183649099
0.307807986610107
0.18083789554387797
0.392849232801745
0.5152163203679162
0.20242566335429935
0.3603923850694358
0.03764534309351408
0.22787677145214258
0.12932137338010785
0.5915927092107232
0.055980176671897364
0.761675968372676
0.32441179141718357
0.2985891984480318
0.2946871280019444
0.9849826117357349
0.8845584404946282
0.08939213559232195
0.373609419228935
0.29808394779286984
0.1360789988230806
0.3154814590011328
0.7573137953826952
0.3157168474025648
0.3559682588260269
0.08583238056276732
0.02489202680771785
0.09601829363295322
0.888876821527392
0.9071865870874681
0.7653092559006799
0.6809255893984418
0.29611197323859617
0.16053164042031376
0.8050156612619507
0.7293642790161796
0.7387447063388696
0.8016134728512386
0.23951885860720767
0.6333483838377265
0.22824166117463385
0.7549020739651094
0.08436261649972887
0.47253063343862356
0.8766609324853257
0.8516931284800778
0.9266035403787637
0.3032268108362358
0.8080085622638549
0.957710751939548
0.6067929265418964
0.763270601657275
0.4675765460561435
0.31431849197740214
0.7007435600263192
0.12976976285987707
0.260521197291846
0.2614362301875518
0.4833190287215645
0.9728050241136537
0.5628667902444141
0.9184481168206526
0.07896640726544946
0.5881898479666682
0.7320668145279198
0.13772481923324453
0.6918288347144677
0.6250224585155956
0.9471087819585979
0.9968217667121473
0.6259917380953058
0.39555959597038914
0.9330470343820174
0.8695417853234909
0.26972674850975864
0.168283304520638
0.5236097215857394
0.30479314690076964
